Wavelength	Normalized Intensity
179.611	0.6155442464030901
179.992	0.6137946429943831
180.373	0.5029184452365657
180.754	0.4487862778590542
181.134	0.30829794802844146
181.515	0.19199026148192988
181.896	0.21069067372941278
182.276	0.20908993971647413
182.657	-0.04692980812357194
183.038	-0.04410389030911052
183.418	0.2235419742791368
183.799	1.727071234959249
184.179	-0.12399763606712123
184.56	-0.663910650487856
184.94	-0.057269918127487864
185.32	-0.30122650491544106
185.701	0.02371247441225802
186.081	0.0911634820084806
186.461	-0.16182413726771055
186.842	0.22337846543024828
187.222	0.2372356096658363
187.602	0.23975032374763894
187.982	0.23802836331774604
188.362	0.23826418854823633
188.742	0.23903131267047165
189.122	0.23984571090063342
189.502	0.2401520487978712
189.882	0.23983983834064257
190.262	0.23917724578624464
190.642	0.23994638335761967
191.022	0.2394272490544272
191.402	0.23953975052510934
191.781	0.2393875253807747
192.161	0.23977075186703575
192.541	0.24029080900108393
192.92	0.24073737524153213
193.3	0.24118952041397168
193.68	0.2420016115669942
194.059	0.2411854096219781
194.439	0.24046367199910074
194.818	0.24101632184109825
195.198	0.24126024281500455
195.577	0.24127479837441046
195.957	0.24079131889973396
196.336	0.24022742730003965
196.715	0.24040658232661813
197.094	0.24114082011290458
197.474	0.2404092669254711
197.853	0.2393002339711962
198.232	0.2396567403094988
198.611	0.24018657106124605
198.99	0.23952280399485
199.369	0.23984583674120466
199.748	0.23956785491935134
200.127	0.23980724563269326
200.506	0.2402788960936739
200.885	0.24074748443408786
201.264	0.24064421127196278
201.643	0.24125780989729403
202.022	0.24075662884893076
202.401	0.2409375456435065
202.779	0.24104190942391557
203.158	0.24089064905729374
203.537	0.2406856128198984
203.915	0.240784859083744
204.294	0.2404626233276738
204.673	0.24100923282225212
205.051	0.24117139937171417
205.43	0.24047126438023178
205.808	0.2405280604247149
206.187	0.239244444651283
206.565	0.23858915085001656
206.943	0.2391308525623168
207.322	0.23879691363312197
207.7	0.23949138579889886
208.078	0.24007167861971052
208.456	0.24024571612972548
208.835	0.2416578570732432
209.213	0.24189598938087278
209.591	0.24129656879323375
209.969	0.24141662069818987
210.347	0.23990997348567633
210.725	0.23980930102869005
211.103	0.24013241766875887
211.481	0.23951672170057373
211.859	0.2401069139796557
212.237	0.24024923966572
212.614	0.24016819833784608
212.992	0.24078511076488646
213.37	0.24123746567161142
213.748	0.24142064759646933
214.125	0.24074819753065815
214.503	0.2403125794199072
214.881	0.24080843321742162
215.258	0.2405838497446281
215.636	0.24099052452399553
216.013	0.2406604866525089
216.391	0.2402455483422972
216.768	0.24100885530053842
217.145	0.24142412918560677
217.523	0.24135038661086433
217.9	0.2419375167693796
218.277	0.2416932602206167
218.655	0.24198881777558554
219.032	0.24207736759087636
219.409	0.24195307905335542
219.786	0.24134979935486522
220.163	0.2413384737034543
220.54	0.24162643887729207
220.917	0.2415222428843113
221.294	0.2410958530821174
221.671	0.24187442869633488
222.048	0.24182191123127372
222.425	0.24235161614244977
222.802	0.2425736828038186
223.179	0.24270589929732725
223.556	0.24222426548436216
223.932	0.24172946035827467
224.309	0.2410700138181576
224.686	0.24056174375094821
225.062	0.24093066635894578
225.439	0.24087538040131748
225.815	0.2401608576378575
226.192	0.23991240640338682
226.568	0.24050251478875462
226.945	0.2403424036352894
227.321	0.24129933728580089
227.698	0.2402179892571972
228.074	0.24036887210210536
228.45	0.24013845801617806
228.827	0.2411634714157265
229.203	0.24070495032101116
229.579	0.2409058757664129
229.955	0.2400785998511283
230.331	0.24045360475340213
230.707	0.239698477432291
231.083	0.24052185228986742
231.46	0.23969940026314673
231.835	0.240051418287742
232.211	0.24005687137916212
232.587	0.24059437840575457
232.963	0.24027579202625013
233.339	0.24078586580831388
233.715	0.24000364081753062
234.091	0.24060939538058834
234.466	0.24149048911350354
234.842	0.24164627974068978
235.218	0.2417719525244943
235.593	0.24273534599099572
235.969	0.2423169260916466
236.344	0.24321706369767498
236.72	0.24341878613336118
237.095	0.24234339455846254
237.471	0.24184653403637826
237.846	0.24167656537149979
238.222	0.2411445533831845
238.597	0.2411924986408242
238.972	0.2408796589807394
239.348	0.23992897541193248
239.723	0.24001958062322012
240.098	0.2407497915112271
240.473	0.24066250010164864
240.848	0.24126867413327713
241.223	0.2414650273712574
241.598	0.24135986660056385
241.973	0.24250694535420814
242.348	0.24350318320980135
242.723	0.24275124384982813
243.098	0.2426529623636953
243.473	0.24224595200947127
243.848	0.2422852142676959
244.223	0.24293102807926278
244.597	0.24253731487873234
244.972	0.24155844302196924
245.347	0.24156066620539438
245.721	0.24227804135513564
246.096	0.24195358241564033
246.47	0.24297272325519792
246.845	0.2414000516896442
247.219	0.24131619992234607
247.594	0.2417080674611651
247.968	0.2416261871961496
248.343	0.2410868345078457
248.717	0.241504792991767
249.091	0.24074463204780658
249.466	0.24171658267315183
249.84	0.24170404056288564
250.214	0.24143822332958484
250.588	0.2421940218004092
250.962	0.24226025588773473
251.336	0.24225841022602332
251.71	0.24260975710090535
252.084	0.24275401234239527
252.458	0.2429619009660719
252.832	0.24322968970165534
253.206	0.2435450461731648
253.58	0.24342281303164065
253.954	0.243505700021226
254.328	0.24350771347036573
254.702	0.24304839538536593
255.075	0.2428049358268875
255.449	0.24318984018743164
255.823	0.24274344173441173
256.196	0.24303241363281936
256.57	0.24307192757218646
256.943	0.24238211150754518
257.317	0.24250207951878713
257.69	0.24291697588214176
258.064	0.24247938626910817
258.437	0.24289331785475
258.81	0.242784130185777
259.184	0.24252817046388941
259.557	0.24260073852663366
259.93	0.2424708710571214
260.303	0.24210597534740327
260.677	0.24217468429929642
261.05	0.2419343288082417
261.423	0.24095440828005169
261.796	0.24152866075344417
262.169	0.24191218086770472
262.542	0.24196922859333028
262.915	0.24204288727435855
263.288	0.24243785888060132
263.661	0.2427080385870382
264.033	0.24370847112833915
264.406	0.24311685265611657
264.779	0.24270216602704733
265.152	0.24339298881625848
265.524	0.24332050464722838
265.897	0.24341840861164749
266.27	0.24290116191702352
266.642	0.24258358226208893
267.015	0.24329621741698043
267.387	0.24347583385898675
267.76	0.24310217125613942
268.132	0.24328170380443156
268.504	0.24284545649082445
268.877	0.2430467175110828
269.249	0.2439096063080263
269.621	0.2432524248981914
269.994	0.24368871415865562
270.366	0.24351933274977625
270.738	0.24293278984726002
271.11	0.24295086894266046
271.482	0.24274587465212222
271.854	0.2421849612792804
272.226	0.24235597861558583
272.598	0.24211805604224165
272.97	0.24304860511965132
273.342	0.2434182408242192
273.714	0.24385377504125602
274.086	0.24439996506726355
274.458	0.24521406966942577
274.829	0.24511012535758747
275.201	0.24533848404751796
275.573	0.2445396061544749
275.944	0.24508713847990893
276.316	0.24473755337302414
276.688	0.24394773600110983
277.059	0.2435265056623365
277.431	0.24333908710491375
277.802	0.24281265404858976
278.173	0.24334726674204388
278.545	0.24291059995986597
278.916	0.24317671082116632
279.287	0.243425162055637
279.659	0.24300493844143353
280.03	0.24260044489863414
280.401	0.24270627681904094
280.772	0.24202589879724212
281.143	0.2408719827058942
281.515	0.24019575742294608
281.886	0.24002604043921005
282.257	0.2411810890956991
282.628	0.2444910736408361
282.998	0.25043964133672597
283.369	0.26179402634477844
283.74	0.2801093244974318
284.111	0.3027197291336898
284.482	0.32964403244552326
284.853	0.3561020125472249
285.223	0.3812909324349006
285.594	0.4046929581579272
285.965	0.42327646451473483
286.335	0.4351332470300058
286.706	0.44126650673760837
287.076	0.44214235711338884
287.447	0.44214231516653174
287.817	0.442141895697961
288.188	0.44214420277510025
288.558	0.44214546118081255
288.928	0.44214680348023905
289.299	0.44214822967337974
289.669	0.44214877498252175
290.039	0.44214684542709615
290.409	0.44214458029681397
290.779	0.44214411888138605
291.149	0.4421452094996701
291.52	0.44214663569281076
291.89	0.44214210543224636
292.26	0.44214311215681623
292.629	0.44214357357224404
292.999	0.4421444964030998
293.369	0.44214688737395325
293.739	0.44214588064938337
294.109	0.44214432861567143
294.479	0.4421454192339555
294.848	0.4421444964030998
295.218	0.44214302826310203
295.588	0.442145167552813
295.957	0.44214101481396234
296.327	0.4421414762293902
296.696	0.44214005003624957
297.066	0.4421393369396793
297.435	0.44214009198310666
297.805	0.4421419376448181
298.174	0.44214294436938795
298.544	0.44214307020995913
298.913	0.44214273463510256
299.282	0.4421461742773829
299.651	0.44214768436423774
300.021	0.44214755852366644
300.39	0.4421467195865249
300.759	0.44214432861567143
301.128	0.44214579675566923
301.497	0.44214432861567143
301.866	0.4421419376448181
302.235	0.4421438252533865
302.604	0.44214348967852996
302.973	0.44214487392481344
303.342	0.44214479003109936
303.71	0.44214504171224184
304.079	0.44214479003109936
304.448	0.4421467195865249
304.817	0.4421437833065295
305.185	0.44214395109395777
305.554	0.44214395109395777
305.923	0.44214546118081255
306.291	0.44214458029681397
306.66	0.44214525144652717
307.028	0.4421463840116683
307.397	0.44214659374595366
307.765	0.44214705516138153
308.133	0.44214864914195046
308.502	0.44214701321452443
308.87	0.44214789409852306
309.238	0.44214789409852306
309.606	0.44214613233052585
309.975	0.4421484394076651
310.343	0.44214961391966323
310.711	0.44214718100195277
311.079	0.44214881692937874
311.447	0.44215108205966097
311.815	0.44215238241223037
312.183	0.44215187904994546
312.551	0.44215208878423085
312.919	0.44214999144137695
313.286	0.44215104011280393
313.654	0.44215112400651807
314.022	0.44214667763966786
314.39	0.44214369941281534
314.757	0.44214365746595824
315.125	0.4421412245482477
315.492	0.44214235711338884
315.86	0.44214156012310435
316.228	0.44213967251453584
316.595	0.44214239906024594
316.962	0.44214613233052585
317.33	0.44214588064938337
317.697	0.44214621622423994
318.065	0.44214764241738064
318.432	0.44214764241738064
318.799	0.44214822967337974
319.166	0.44214718100195277
319.534	0.4421467195865249
319.901	0.4421485233013792
320.268	0.4421504109099477
320.635	0.44214927834480666
321.002	0.44214999144137695
321.369	0.44214927834480666
321.736	0.4421501172819482
322.103	0.4421474746299523
322.47	0.44214831356709383
322.836	0.44214999144137695
323.203	0.44214881692937874
323.57	0.4421465517990966
323.937	0.44214680348023905
324.303	0.44214718100195277
324.67	0.44214877498252175
325.037	0.4421478102048089
325.403	0.44214441250938563
325.77	0.4421461742773829
326.136	0.44215112400651807
326.503	0.44215083037851854
326.869	0.44215015922880524
327.235	0.4421490686105212
327.602	0.44214881692937874
327.968	0.4421504109099477
328.334	0.4421512079002322
328.7	0.4421503689630906
329.067	0.4421530955088007
329.433	0.4421540602865135
329.799	0.44215548647965414
330.165	0.44215288577451534
330.531	0.44215414418022764
330.897	0.4421536827647998
331.263	0.44215133374080345
331.629	0.4421512079002322
331.995	0.4421503689630906
332.36	0.44215053675051896
332.726	0.4421536827647998
333.092	0.44215364081794273
333.458	0.44215313745565776
333.823	0.44215259214651575
334.189	0.44215158542194594
334.554	0.4421517532093742
334.92	0.4421498236539486
335.286	0.44214739073623816
335.651	0.44214307020995913
336.016	0.4421411406545336
336.382	0.44214093092024814
336.747	0.44214025977053495
337.113	0.44214046950482033
337.478	0.44214206348538926
337.843	0.44214441250938563
338.208	0.4421454192339555
338.573	0.44214709710823863
338.939	0.44214701321452443
339.304	0.44214818772652265
339.669	0.4421485233013792
340.034	0.44214848135452217
340.399	0.4421491525042354
340.764	0.44215091427223263
341.129	0.44215007533509115
341.493	0.4421498656008057
341.858	0.44215007533509115
342.223	0.44215112400651807
342.588	0.4421520048905167
342.952	0.44214969781337743
343.317	0.44214927834480666
343.682	0.44214948807909205
344.046	0.4421503270162336
344.411	0.44215053675051896
344.775	0.44214755852366644
345.14	0.44214835551395093
345.504	0.44214994949451986
345.869	0.4421493202916637
346.233	0.4421498236539486
346.597	0.44215015922880524
346.962	0.4421501172819482
347.326	0.44215024312251944
347.69	0.44214898471680714
348.054	0.4421490266636642
348.418	0.44215024312251944
348.782	0.4421498236539486
349.146	0.4421486071950934
349.51	0.44214634206481124
349.874	0.4421472648956669
350.238	0.44214793604538016
350.602	0.44214739073623816
350.966	0.4421477682579518
351.33	0.44214667763966786
351.693	0.44214814577966555
352.057	0.44215028506937654
352.421	0.44215162736880304
352.784	0.44214969781337743
353.148	0.44214831356709383
353.512	0.44214667763966786
353.875	0.44214978170709157
354.239	0.44215028506937654
354.602	0.44214814577966555
354.966	0.44214600648995456
355.329	0.4421480199390943
355.692	0.4421503689630906
356.056	0.44215137568766055
356.419	0.44214973976023453
356.782	0.44215074648480435
357.145	0.44215129179394635
357.508	0.4421512079002322
357.871	0.4421493622385208
358.234	0.44214734878938106
358.597	0.44214630011795414
358.96	0.44214613233052585
359.323	0.44214290242253085
359.686	0.44214181180424683
360.049	0.4421444964030998
360.412	0.4421451256059559
360.775	0.4421467195865249
361.137	0.4421451256059559
361.5	0.44214487392481344
361.863	0.44214634206481124
362.225	0.44214994949451986
362.588	0.44215015922880524
362.951	0.44215104011280393
363.313	0.4421493202916637
363.675	0.44215087232537564
364.038	0.44215053675051896
364.4	0.44215112400651807
364.763	0.44214835551395093
365.125	0.44214764241738064
365.487	0.4421477682579518
365.849	0.44214919445109246
366.212	0.44214718100195277
366.574	0.44214999144137695
366.936	0.44215095621908973
367.298	0.44215208878423085
367.66	0.4421514176345176
368.022	0.44215028506937654
368.384	0.44214940418537785
368.746	0.4421542700207988
369.108	0.44215099816594683
369.469	0.44214835551395093
369.831	0.44214663569281076
370.193	0.44214609038366876
370.555	0.442147852151666
370.916	0.4421486071950934
371.278	0.44214546118081255
371.64	0.44214432861567143
372.001	0.4421454192339555
372.363	0.442144076934529
372.724	0.4421463840116683
373.086	0.4421467195865249
373.447	0.44214764241738064
373.808	0.44214953002594914
374.17	0.4421493622385208
374.531	0.44214814577966555
374.892	0.44215204683737375
375.253	0.44214789409852306
375.615	0.44214667763966786
375.976	0.44214311215681623
376.337	0.4421427765819596
376.698	0.4421472229488098
377.059	0.44214881692937874
377.42	0.44215078843166145
377.781	0.4421540183396564
378.141	0.442153808605371
378.502	0.442156493204224
378.863	0.4421556123202253
379.224	0.44215372471165687
379.585	0.44215292772137244
379.945	0.442152717987087
380.306	0.44215263409337285
380.666	0.442153808605371
381.027	0.44215322134937196
381.388	0.44215217267794504
381.748	0.44215288577451534
382.108	0.442152717987087
382.469	0.4421490266636642
382.829	0.442147852151666
383.19	0.44214709710823863
383.55	0.44214688737395325
383.91	0.44214835551395093
384.27	0.44214558702138385
384.63	0.44214369941281534
384.991	0.44214550312766965
385.351	0.44214470613738516
385.711	0.44214093092024814
386.071	0.44214088897339116
386.431	0.44214080507967696
386.791	0.44214101481396234
387.15	0.442145167552813
387.51	0.44214495781852764
387.87	0.44214458029681397
388.23	0.44214764241738064
388.589	0.4421493622385208
388.949	0.44215087232537564
389.309	0.44215334718994315
389.668	0.4421512079002322
390.028	0.4421504948036619
390.387	0.44215267604022995
390.747	0.4421525501996587
391.106	0.44215364081794273
391.466	0.44215221462480203
391.825	0.44215359887108563
392.184	0.4421551509047975
392.544	0.4421563673636527
392.903	0.4421558640013678
393.262	0.4421550670110833
393.621	0.44215259214651575
393.98	0.44215452170194136
394.339	0.44215108205966097
394.698	0.44214818772652265
395.057	0.44214864914195046
395.416	0.44214923639794956
395.775	0.4421503689630906
396.134	0.4421504528568048
396.493	0.44214793604538016
396.852	0.44214944613223495
397.211	0.44215238241223037
397.569	0.44215204683737375
397.928	0.44215208878423085
398.287	0.44215104011280393
398.645	0.44215359887108563
399.004	0.44215313745565776
399.362	0.4421540183396564
399.721	0.44215242435908747
400.079	0.44215104011280393
400.438	0.44215275993394404
400.796	0.44215502506422627
401.154	0.44215355692422853
401.512	0.4421537666585139
401.871	0.44215372471165687
402.229	0.4421551509047975
402.587	0.4421571643539372
402.945	0.4421543958613701
403.303	0.44215104011280393
403.661	0.44215091427223263
404.019	0.44215129179394635
404.377	0.4421499075476628
404.735	0.44214810383280845
405.093	0.44214437056252853
405.451	0.44214588064938337
405.808	0.44214718100195277
406.166	0.44214575480881213
406.524	0.44214609038366876
406.882	0.4421425668476742
407.239	0.44214340578481576
407.597	0.442145167552813
407.954	0.44214399304081486
408.312	0.4421451256059559
408.669	0.4421451256059559
409.027	0.44214474808424226
409.384	0.44214881692937874
409.741	0.44214734878938106
410.099	0.44214495781852764
410.456	0.4421438252533865
410.813	0.44214176985738973
411.17	0.44214172791053263
411.527	0.4421406792391057
411.884	0.44214005003624957
412.242	0.44214286047567375
412.599	0.44214663569281076
412.956	0.44214864914195046
413.312	0.44215074648480435
413.669	0.44215317940251486
414.026	0.4421550670110833
414.383	0.44215557037336833
414.74	0.44215229851851623
415.096	0.44215015922880524
415.453	0.4421485233013792
415.81	0.4421491525042354
416.166	0.44214499976538474
416.523	0.44214340578481576
416.879	0.4421444964030998
417.236	0.44214692932081034
417.592	0.44214667763966786
417.949	0.4421467195865249
418.305	0.44214680348023905
418.661	0.44214839746080803
419.018	0.44215057869737606
419.374	0.4421486071950934
419.73	0.44215028506937654
420.086	0.44215204683737375
420.442	0.44215166931566
420.798	0.44215133374080345
421.154	0.44215166931566
421.51	0.44215145958137464
421.866	0.44215204683737375
422.222	0.44214881692937874
422.578	0.44214814577966555
422.934	0.44214831356709383
423.29	0.44214919445109246
423.646	0.44214890082309294
424.001	0.4421465517990966
424.357	0.4421444964030998
424.713	0.44214688737395325
425.068	0.4421458387025263
425.424	0.44214600648995456
425.779	0.4421474746299523
426.135	0.4421504109099477
426.49	0.44215208878423085
426.845	0.44215422807394184
427.201	0.44215414418022764
427.556	0.44215452170194136
427.911	0.4421561156825103
428.266	0.44215225657165913
428.622	0.44214948807909205
428.977	0.44214953002594914
429.332	0.4421514176345176
429.687	0.44215091427223263
430.042	0.44215087232537564
430.397	0.44214814577966555
430.752	0.44214973976023453
431.107	0.44215074648480435
431.461	0.44215078843166145
431.816	0.44214969781337743
432.171	0.442147852151666
432.526	0.44214734878938106
432.88	0.44214814577966555
433.235	0.44214504171224184
433.59	0.4421458387025263
433.944	0.44214562896824083
434.299	0.4421477263110947
434.653	0.44214797799223726
435.008	0.44215053675051896
435.362	0.44215057869737606
435.716	0.4421543958613701
436.071	0.44215229851851623
436.425	0.44215317940251486
436.779	0.44215137568766055
437.133	0.44215322134937196
437.487	0.44215187904994546
437.841	0.4421540602865135
438.195	0.44215489922365503
438.549	0.4421561156825103
438.903	0.44215540258593994
439.257	0.4421566609916523
439.611	0.4421564093105098
439.965	0.44215468948936965
440.319	0.442156493204224
440.673	0.44215582205451076
441.026	0.4421557381607966
441.38	0.44215615762936733
441.734	0.44215615762936733
442.087	0.44215485727679793
442.441	0.4421556962139395
442.794	0.44215217267794504
443.148	0.44215112400651807
443.501	0.4421512079002322
443.855	0.44215057869737606
444.208	0.4421491525042354
444.561	0.44214814577966555
444.915	0.44214927834480666
445.268	0.44214940418537785
445.621	0.442147852151666
445.974	0.44214822967337974
446.327	0.44214684542709615
446.68	0.4421461742773829
447.033	0.44214953002594914
447.386	0.44214923639794956
447.739	0.4421504528568048
448.092	0.44215204683737375
448.445	0.44215112400651807
448.798	0.4421512079002322
449.15	0.442153808605371
449.503	0.44215213073108794
449.856	0.4421529696682294
450.209	0.44215410223337054
450.561	0.44215213073108794
450.914	0.44215447975508426
451.266	0.44215598984193905
451.619	0.4421543958613701
451.971	0.4421540183396564
452.323	0.442153263296229
452.676	0.44214978170709157
453.028	0.4421530955088007
453.38	0.4421499075476628
453.733	0.4421491525042354
454.085	0.44214743268309525
454.437	0.4421486071950934
454.789	0.44214869108880755
455.141	0.4421519209968025
455.493	0.4421511659533751
455.845	0.4421533052430861
456.197	0.4421530116150865
456.549	0.44215359887108563
456.901	0.44215414418022764
457.253	0.4421540183396564
457.604	0.4421525501996587
457.956	0.4421499075476628
458.308	0.44215099816594683
458.659	0.44215221462480203
459.011	0.44215145958137464
459.362	0.44214973976023453
459.714	0.44214953002594914
460.065	0.44214953002594914
460.417	0.44215099816594683
460.768	0.4421499075476628
461.12	0.4421477263110947
461.471	0.44214999144137695
461.822	0.44215208878423085
462.173	0.44215288577451534
462.525	0.44215364081794273
462.876	0.44215347303051444
463.227	0.44215087232537564
463.578	0.4421525501996587
463.929	0.4421504528568048
464.28	0.44214739073623816
464.631	0.44214546118081255
464.982	0.4421465517990966
465.332	0.4421459645430975
465.683	0.4421474746299523
466.034	0.44214680348023905
466.385	0.44214684542709615
466.735	0.4421467195865249
467.086	0.44214701321452443
467.437	0.442147306842524
467.787	0.44214734878938106
468.138	0.4421465517990966
468.488	0.4421485233013792
468.839	0.4421498236539486
469.189	0.44214961391966323
469.539	0.44215028506937654
469.89	0.44214848135452217
470.24	0.44214789409852306
470.59	0.44214864914195046
470.94	0.44214919445109246
471.29	0.44214764241738064
471.64	0.4421493622385208
471.99	0.44215074648480435
472.34	0.44215238241223037
472.69	0.44215137568766055
473.04	0.442152717987087
473.39	0.44215221462480203
473.74	0.44215364081794273
474.09	0.442153263296229
474.439	0.44215322134937196
474.789	0.44215208878423085
475.139	0.44215418612708474
475.488	0.44215280188080114
475.838	0.442152717987087
476.188	0.44215221462480203
476.537	0.4421530116150865
476.886	0.44215208878423085
477.236	0.44214944613223495
477.585	0.44214940418537785
477.935	0.44214881692937874
478.284	0.44214827162023673
478.633	0.44214822967337974
478.982	0.44214818772652265
479.331	0.4421485233013792
479.68	0.4421503689630906
480.03	0.44215091427223263
480.379	0.44215225657165913
480.728	0.4421511659533751
481.076	0.44215158542194594
481.425	0.44215217267794504
481.774	0.44215137568766055
482.123	0.44214999144137695
482.472	0.44215007533509115
482.821	0.44215083037851854
483.169	0.4421519629436596
483.518	0.44215217267794504
483.866	0.4421517532093742
484.215	0.44215154347508884
484.563	0.44215280188080114
484.912	0.44215057869737606
485.26	0.4421491525042354
485.609	0.4421511659533751
485.957	0.44215145958137464
486.305	0.44214961391966323
486.654	0.44215074648480435
487.002	0.44215355692422853
487.35	0.44215477338308384
487.698	0.44215410223337054
488.046	0.4421503689630906
488.394	0.4421499075476628
488.742	0.44215104011280393
489.09	0.4421511659533751
489.438	0.44214961391966323
489.786	0.4421525082528016
490.134	0.44215317940251486
490.482	0.44215682877908064
490.829	0.44215477338308384
491.177	0.44215682877908064
491.525	0.4421564093105098
491.872	0.4421543119676559
492.22	0.44215292772137244
492.567	0.44215217267794504
492.915	0.44214923639794956
493.262	0.4421506206442331
493.61	0.4421463840116683
493.957	0.44214831356709383
494.304	0.4421484394076651
494.652	0.4421498236539486
494.999	0.44215112400651807
495.346	0.44215083037851854
495.693	0.4421519209968025
496.04	0.4421556962139395
496.387	0.44215313745565776
496.734	0.4421545636487984
497.081	0.442152717987087
497.428	0.44215225657165913
497.775	0.44215347303051444
498.122	0.44215317940251486
498.469	0.44215145958137464
498.816	0.44215355692422853
499.162	0.4421517532093742
499.509	0.44215137568766055
499.856	0.44215292772137244
500.202	0.4421533052430861
500.549	0.4421530116150865
500.895	0.4421525501996587
501.242	0.44215150152823174
501.588	0.442152717987087
501.935	0.44215162736880304
502.281	0.44215087232537564
502.627	0.4421506206442331
502.973	0.44214898471680714
503.32	0.4421477263110947
503.666	0.44214734878938106
504.012	0.44214676153338195
504.358	0.44214634206481124
504.704	0.44214311215681623
505.05	0.44214348967852996
505.396	0.44214688737395325
505.742	0.4421485233013792
506.088	0.44214944613223495
506.433	0.44214999144137695
506.779	0.44215104011280393
507.125	0.4421520048905167
507.471	0.4421503689630906
507.816	0.4421485233013792
508.162	0.4421506206442331
508.507	0.44215162736880304
508.853	0.44215263409337285
509.198	0.44215183710308836
509.544	0.4421553606390829
509.889	0.4421569126727947
510.234	0.4421559059482249
510.58	0.4421548153299409
510.925	0.44215397639279935
511.27	0.442153808605371
511.615	0.44215452170194136
511.96	0.44215099816594683
512.306	0.4421504109099477
512.651	0.44214973976023453
512.996	0.44214797799223726
513.341	0.44214692932081034
513.685	0.44214529339338426
514.03	0.44214734878938106
514.375	0.4421514176345176
514.72	0.44215225657165913
515.065	0.44215464754251255
515.409	0.44215494117051213
515.754	0.442153808605371
516.099	0.4421561156825103
516.443	0.44215364081794273
516.788	0.44215099816594683
517.132	0.44214890082309294
517.476	0.4421472648956669
517.821	0.4421485233013792
518.165	0.44214890082309294
518.51	0.44214630011795414
518.854	0.4421478102048089
519.198	0.4421477682579518
519.542	0.44215024312251944
519.886	0.4421506625910902
520.23	0.44214940418537785
520.574	0.44214973976023453
520.918	0.44215091427223263
521.262	0.44215057869737606
521.606	0.44214973976023453
521.95	0.4421477263110947
522.294	0.44214760047052354
522.638	0.44214743268309525
522.981	0.44214743268309525
523.325	0.44214718100195277
523.669	0.4421485233013792
524.012	0.44214940418537785
524.356	0.44214944613223495
524.699	0.44215099816594683
525.043	0.4421503689630906
525.386	0.44215137568766055
525.73	0.44216366611678426
526.073	0.4421608976242171
526.416	0.44216064594307464
526.76	0.44216253355164314
527.103	0.44216236576421486
527.446	0.44216706381220755
527.789	0.4421671057590646
528.132	0.44215661904479525
528.475	0.4421604362087893
528.818	0.4421605620493605
529.161	0.4421584647065066
529.504	0.44215582205451076
529.847	0.4421524663059445
530.19	0.4421519209968025
530.532	0.44214973976023453
530.875	0.4421444964030998
531.218	0.44214424472195735
531.56	0.44214474808424226
531.903	0.44214797799223726
532.246	0.44214718100195277
532.588	0.4421465098522395
532.93	0.44214818772652265
533.273	0.44215108205966097
533.615	0.44215112400651807
533.958	0.44215183710308836
534.3	0.44214877498252175
534.642	0.44215242435908747
534.984	0.4421530535619436
535.326	0.4421512079002322
535.669	0.44215221462480203
536.011	0.4421525501996587
536.353	0.44215238241223037
536.695	0.44215494117051213
537.037	0.44215414418022764
537.378	0.4421530116150865
537.72	0.44215208878423085
538.062	0.44214961391966323
538.404	0.44214760047052354
538.746	0.44214764241738064
539.087	0.442147306842524
539.429	0.44214659374595366
539.77	0.44214789409852306
540.112	0.44214999144137695
540.454	0.4421530116150865
540.795	0.44215447975508426
541.136	0.44215473143622674
541.478	0.4421551089579404
541.819	0.44215343108365734
542.16	0.44215372471165687
542.502	0.44215313745565776
542.843	0.4421519209968025
543.184	0.44215317940251486
543.525	0.44215242435908747
543.866	0.4421498656008057
544.207	0.44214944613223495
544.548	0.4421490266636642
544.889	0.4421472648956669
545.23	0.44214667763966786
545.571	0.44214814577966555
545.911	0.442147852151666
546.252	0.44215015922880524
546.593	0.4421514176345176
546.934	0.44215099816594683
547.274	0.442153263296229
547.615	0.44215359887108563
547.955	0.44215229851851623
548.296	0.442154353914513
548.636	0.44215410223337054
548.977	0.44215280188080114
549.317	0.4421556123202253
549.657	0.44215754187565093
549.997	0.4421590519625057
550.338	0.4421571643539372
550.678	0.44215598984193905
551.018	0.4421540183396564
551.358	0.44215578010765366
551.698	0.4421545636487984
552.038	0.44215217267794504
552.378	0.44215057869737606
552.718	0.4421540602865135
553.058	0.44215502506422627
553.398	0.44215812913165004
553.737	0.4421569546196518
554.077	0.44215754187565093
554.417	0.44215733214136554
554.756	0.4421583808127925
555.096	0.44215527674536875
555.435	0.4421556123202253
555.775	0.442152717987087
556.114	0.44215313745565776
556.454	0.44215057869737606
556.793	0.44215158542194594
557.133	0.44215145958137464
557.472	0.44215087232537564
557.811	0.4421499075476628
558.15	0.4421511659533751
558.489	0.4421504948036619
558.829	0.44215208878423085
559.168	0.4421511659533751
559.507	0.4421506206442331
559.846	0.44215280188080114
560.184	0.44215267604022995
560.523	0.44215292772137244
560.862	0.4421551928516546
561.201	0.4421561156825103
561.54	0.44215737408822264
561.878	0.44215708046022306
562.217	0.442155947895082
562.556	0.4421551089579404
562.894	0.4421587583345062
563.233	0.4421587583345062
563.571	0.44215867444079204
563.91	0.44215745798193673
564.248	0.4421574160350797
564.586	0.4421577935567934
564.925	0.4421587583345062
565.263	0.4421525082528016
565.601	0.44215028506937654
565.939	0.4421485233013792
566.277	0.44214898471680714
566.616	0.4421498236539486
566.954	0.4421493202916637
567.292	0.44215108205966097
567.63	0.4421572482476514
567.967	0.4421587583345062
568.305	0.4421582969190783
568.643	0.44215670293850934
568.981	0.4421556542670824
569.319	0.44215653515108105
569.656	0.44215548647965414
569.994	0.44215225657165913
570.331	0.4421503689630906
570.669	0.44215087232537564
571.006	0.44215213073108794
571.344	0.44215074648480435
571.681	0.44214848135452217
572.019	0.44214734878938106
572.356	0.44214873303566465
572.693	0.44215099816594683
573.03	0.44215133374080345
573.368	0.4421503689630906
573.705	0.44215158542194594
574.042	0.44215334718994315
574.379	0.44215166931566
574.716	0.44214919445109246
575.053	0.44214768436423774
575.39	0.44214676153338195
575.727	0.44214688737395325
576.063	0.44214680348023905
576.4	0.44214898471680714
576.737	0.44214999144137695
577.074	0.44215053675051896
577.41	0.44215183710308836
577.747	0.4421524663059445
578.083	0.44215137568766055
578.42	0.4421504948036619
578.756	0.44214864914195046
579.093	0.44215108205966097
579.429	0.44215150152823174
579.766	0.4421504528568048
580.102	0.4421519629436596
580.438	0.4421529696682294
580.774	0.442153808605371
581.11	0.4421533052430861
581.446	0.44215204683737375
581.782	0.4421501172819482
582.119	0.4421501172819482
582.454	0.44214923639794956
582.79	0.44214944613223495
583.126	0.44215028506937654
583.462	0.4421514176345176
583.798	0.4421490266636642
584.134	0.44214927834480666
584.469	0.4421499075476628
584.805	0.44214881692937874
585.141	0.44215083037851854
585.476	0.44215091427223263
585.812	0.44214969781337743
586.147	0.44215091427223263
586.482	0.442152717987087
586.818	0.4421511659533751
587.153	0.44215389249908515
587.488	0.44215229851851623
587.824	0.44215137568766055
588.159	0.44215083037851854
588.494	0.4421511659533751
588.829	0.44214999144137695
589.164	0.44215213073108794
589.499	0.44215083037851854
589.834	0.44214961391966323
590.169	0.44214885887623584
590.504	0.44214885887623584
590.839	0.4421477263110947
591.174	0.442147306842524
591.508	0.44214609038366876
591.843	0.44214684542709615
592.178	0.4421490266636642
592.512	0.4421485233013792
592.847	0.44214718100195277
593.181	0.4421477682579518
593.516	0.4421477263110947
593.85	0.4421485233013792
594.185	0.44214630011795414
594.519	0.44214399304081486
594.853	0.44214403498767196
595.187	0.44214764241738064
595.522	0.44214927834480666
595.856	0.4421504948036619
596.19	0.44214961391966323
596.524	0.44215112400651807
596.858	0.4421530116150865
597.192	0.44215464754251255
597.526	0.44215238241223037
597.86	0.44215267604022995
598.194	0.44215389249908515
598.527	0.4421530116150865
598.861	0.4421498656008057
599.195	0.44215095621908973
599.528	0.44214835551395093
599.862	0.44214755852366644
600.196	0.4421463840116683
600.529	0.4421450836590989
600.863	0.44214588064938337
601.196	0.44214961391966323
601.529	0.44214764241738064
601.863	0.4421503689630906
602.196	0.44215078843166145
602.529	0.44214978170709157
602.862	0.44215129179394635
603.196	0.4421517112625171
603.529	0.44215074648480435
603.862	0.44214894276995004
604.195	0.44214877498252175
604.528	0.44215053675051896
604.861	0.44215242435908747
605.193	0.44215150152823174
605.526	0.44215108205966097
605.859	0.44214864914195046
606.192	0.44215007533509115
606.524	0.44214957197280613
606.857	0.44214881692937874
607.19	0.44214885887623584
607.522	0.44214634206481124
607.855	0.44214743268309525
608.187	0.4421485233013792
608.52	0.4421498656008057
608.852	0.4421503689630906
609.184	0.4421503689630906
609.517	0.4421498656008057
609.849	0.44215158542194594
610.181	0.44215099816594683
610.513	0.44215414418022764
610.845	0.4421519629436596
611.177	0.4421530535619436
611.509	0.44215150152823174
611.841	0.4421511659533751
612.173	0.4421493622385208
612.505	0.44214961391966323
612.837	0.44214789409852306
613.169	0.44214705516138153
613.5	0.4421477682579518
613.832	0.44214957197280613
614.164	0.44214919445109246
614.495	0.44215229851851623
614.827	0.4421506625910902
615.158	0.44214961391966323
615.49	0.44215322134937196
615.821	0.44215158542194594
616.152	0.4421520048905167
616.484	0.4421520048905167
616.815	0.44214973976023453
617.146	0.44215133374080345
617.477	0.44215347303051444
617.808	0.4421530116150865
618.14	0.44215217267794504
618.471	0.44214885887623584
618.802	0.4421498236539486
619.133	0.44214994949451986
619.463	0.44214831356709383
619.794	0.44214659374595366
620.125	0.4421461742773829
620.456	0.44214604843681166
620.787	0.44214822967337974
621.117	0.44214877498252175
621.448	0.4421504109099477
621.778	0.44215162736880304
622.109	0.44215028506937654
622.439	0.4421485233013792
622.77	0.4421478102048089
623.1	0.44214973976023453
623.43	0.4421484394076651
623.761	0.4421506625910902
624.091	0.4421517532093742
624.421	0.44215204683737375
624.751	0.44215355692422853
625.081	0.44215489922365503
625.412	0.44215204683737375
625.742	0.44215166931566
626.072	0.44214864914195046
626.401	0.4421472229488098
626.731	0.44214890082309294
627.061	0.44214869108880755
627.391	0.44214768436423774
627.721	0.4421499075476628
628.05	0.44214919445109246
628.38	0.44214969781337743
628.71	0.44215292772137244
629.039	0.44215343108365734
629.369	0.44215477338308384
629.698	0.44215322134937196
630.028	0.442152717987087
630.357	0.4421542700207988
630.686	0.44215347303051444
631.015	0.4421514176345176
631.345	0.44215166931566
631.674	0.44214885887623584
632.003	0.44215133374080345
632.332	0.4421533052430861
632.661	0.4421530955088007
632.99	0.4421533052430861
633.319	0.44215015922880524
633.648	0.4421467195865249
633.977	0.4421486071950934
634.306	0.44214604843681166
634.634	0.44214609038366876
634.963	0.44214634206481124
635.292	0.44214667763966786
635.62	0.44214944613223495
635.949	0.442153263296229
636.277	0.4421503270162336
636.606	0.4421525501996587
636.934	0.44214814577966555
637.263	0.4421477682579518
637.591	0.44214793604538016
637.919	0.44214923639794956
638.248	0.44214768436423774
638.576	0.44215078843166145
638.904	0.44215078843166145
639.232	0.4421530116150865
639.56	0.44215364081794273
639.888	0.4421536827647998
640.216	0.44215317940251486
640.544	0.44215187904994546
640.872	0.44215074648480435
641.2	0.44215145958137464
641.528	0.44215259214651575
641.855	0.4421517112625171
642.183	0.44215166931566
642.511	0.44215544453279704
642.838	0.44215754187565093
643.166	0.4421559059482249
643.493	0.44215372471165687
643.821	0.44215225657165913
644.148	0.4421504948036619
644.475	0.4421477263110947
644.803	0.4421405953453916
645.13	0.4421379946402528
645.457	0.4421411826013907
645.784	0.44214206348538926
646.112	0.44213954667396466
646.439	0.44214348967852996
646.766	0.44214684542709615
647.093	0.4421478102048089
647.42	0.44214890082309294
647.746	0.44214839746080803
648.073	0.4421501172819482
648.4	0.4421520048905167
648.727	0.44214810383280845
649.053	0.4421484394076651
649.38	0.44214994949451986
649.707	0.44215024312251944
650.033	0.44214881692937874
650.36	0.44214848135452217
650.686	0.44214953002594914
651.013	0.44214919445109246
651.339	0.4421477682579518
651.665	0.44214764241738064
651.992	0.4421465098522395
652.318	0.44214676153338195
652.644	0.4421467195865249
652.97	0.44214395109395777
653.296	0.44214416082824315
653.622	0.4421438672002436
653.948	0.4421419376448181
654.274	0.4421426087945313
654.6	0.4421446641905281
654.926	0.44214562896824083
655.252	0.44214978170709157
655.578	0.4421525501996587
655.903	0.44215078843166145
656.229	0.4421504948036619
656.555	0.44214869108880755
656.88	0.44214667763966786
657.206	0.44214445445624273
657.531	0.4421425249008171
657.857	0.44213921109910803
658.182	0.44214206348538926
658.507	0.44214470613738516
658.833	0.44214810383280845
659.158	0.44214659374595366
659.483	0.4421472648956669
659.808	0.4421467195865249
660.133	0.44214764241738064
660.458	0.44214575480881213
660.783	0.4421446641905281
661.108	0.4421433638379587
661.433	0.4421433638379587
661.758	0.442142441007103
662.083	0.4421412245482477
662.408	0.44214185375110393
662.732	0.4421432379973875
663.057	0.44214357357224404
663.382	0.44214172791053263
663.706	0.44214403498767196
664.031	0.442144622243671
664.355	0.4421471390550957
664.68	0.44214558702138385
665.004	0.44214424472195735
665.328	0.44214281852881665
665.653	0.44214399304081486
665.977	0.44214403498767196
666.301	0.4421425668476742
666.625	0.44214369941281534
666.949	0.44214445445624273
667.273	0.44214705516138153
667.597	0.4421471390550957
667.921	0.44214848135452217
668.245	0.4421499075476628
668.569	0.44215024312251944
668.893	0.4421477682579518
669.217	0.4421480199390943
669.54	0.44214659374595366
669.864	0.4421477682579518
670.188	0.44214634206481124
670.511	0.44214357357224404
670.835	0.44214307020995913
671.158	0.44214294436938795
671.482	0.44214265074138837
671.805	0.4421419795916751
672.128	0.44214290242253085
672.452	0.4421472229488098
672.775	0.44214848135452217
673.098	0.4421491525042354
673.421	0.4421506625910902
673.744	0.44215280188080114
674.068	0.44215229851851623
674.391	0.44215162736880304
674.714	0.4421491525042354
675.036	0.44214940418537785
675.359	0.44214957197280613
675.682	0.44215028506937654
676.005	0.44214898471680714
676.328	0.4421491525042354
676.65	0.44214688737395325
676.973	0.44214600648995456
677.295	0.44214432861567143
677.618	0.44214554507452675
677.94	0.44214474808424226
678.263	0.4421459645430975
678.585	0.4421450836590989
678.908	0.44214600648995456
679.23	0.4421477682579518
679.552	0.44214835551395093
679.874	0.442147306842524
680.196	0.44214621622423994
680.519	0.44214499976538474
680.841	0.44214760047052354
681.163	0.44214873303566465
681.485	0.44214659374595366
681.807	0.4421471390550957
682.128	0.4421464679053824
682.45	0.4421472229488098
682.772	0.44214869108880755
683.094	0.44214739073623816
683.415	0.44214944613223495
683.737	0.44215028506937654
684.059	0.4421504528568048
684.38	0.4421524663059445
684.702	0.44215154347508884
685.023	0.44214994949451986
685.344	0.4421511659533751
685.666	0.44214944613223495
685.987	0.44214848135452217
686.308	0.44214827162023673
686.629	0.44214743268309525
686.95	0.44214839746080803
687.272	0.44214827162023673
687.593	0.4421464679053824
687.914	0.442144076934529
688.235	0.4421446641905281
688.555	0.44214604843681166
688.876	0.4421465517990966
689.197	0.44214600648995456
689.518	0.44214680348023905
689.839	0.44214898471680714
690.159	0.4421458387025263
690.48	0.4421452094996701
690.8	0.44214567091509793
691.121	0.44214684542709615
691.441	0.44214701321452443
691.762	0.4421461742773829
692.082	0.44214495781852764
692.402	0.4421503689630906
692.723	0.44214973976023453
693.043	0.44214898471680714
693.363	0.4421490686105212
693.683	0.4421472648956669
694.003	0.44214701321452443
694.323	0.44214600648995456
694.643	0.4421477263110947
694.963	0.44214969781337743
695.283	0.4421472229488098
695.603	0.44214403498767196
695.923	0.44214554507452675
696.243	0.4421471390550957
696.562	0.44214604843681166
696.882	0.44214437056252853
697.202	0.44214302826310203
697.521	0.44214621622423994
697.841	0.44214994949451986
698.16	0.4421503689630906
698.479	0.4421486071950934
698.799	0.4421491525042354
699.118	0.44214818772652265
699.437	0.44214961391966323
699.757	0.44214680348023905
700.076	0.44214403498767196
700.395	0.44214445445624273
700.714	0.44214416082824315
701.033	0.44214680348023905
701.352	0.44214663569281076
701.671	0.44214634206481124
701.99	0.44214705516138153
702.308	0.4421490266636642
702.627	0.44214814577966555
702.946	0.4421504948036619
703.265	0.44214898471680714
703.583	0.44215145958137464
703.902	0.4421511659533751
704.22	0.4421519209968025
704.539	0.44214953002594914
704.857	0.44214848135452217
705.176	0.4421472229488098
705.494	0.44214797799223726
705.812	0.44214499976538474
706.131	0.44214437056252853
706.449	0.44214403498767196
706.767	0.44214630011795414
707.085	0.44214957197280613
707.403	0.4421498236539486
707.721	0.44214944613223495
708.039	0.4421503270162336
708.357	0.44215154347508884
708.675	0.44215099816594683
708.993	0.44214948807909205
709.31	0.44214839746080803
709.628	0.44214793604538016
709.946	0.44214898471680714
710.263	0.44214885887623584
710.581	0.44214768436423774
710.898	0.4421480199390943
711.216	0.44214755852366644
711.533	0.4421477263110947
711.851	0.44214885887623584
712.168	0.44214885887623584
712.485	0.44214919445109246
712.802	0.4421503270162336
713.12	0.4421504948036619
713.437	0.44214957197280613
713.754	0.4421486071950934
714.071	0.44214692932081034
714.388	0.4421471390550957
714.705	0.4421477682579518
715.022	0.44214755852366644
715.338	0.44214663569281076
715.655	0.4421478102048089
715.972	0.44214533534024136
716.289	0.44214630011795414
716.605	0.44214340578481576
716.922	0.44214365746595824
717.238	0.44214588064938337
717.555	0.44214743268309525
717.871	0.442147306842524
718.188	0.4421506625910902
718.504	0.4421501172819482
718.82	0.44215154347508884
719.136	0.44214877498252175
719.453	0.44214764241738064
719.769	0.4421445383499569
720.085	0.44214399304081486
720.401	0.4421425668476742
720.717	0.44214491587167054
721.033	0.44214424472195735
721.349	0.44214609038366876
721.665	0.44214625817109704
721.98	0.4421506625910902
722.296	0.4421517532093742
722.612	0.44215397639279935
722.927	0.44215183710308836
723.243	0.44215259214651575
723.559	0.4421540602865135
723.874	0.44215288577451534
724.19	0.44214848135452217
724.505	0.4421490266636642
724.82	0.44214625817109704
725.136	0.442147306842524
725.451	0.44214558702138385
725.766	0.4421432379973875
726.081	0.44213954667396466
726.396	0.44214101481396234
726.711	0.4421392530459651
727.026	0.4421403856111062
727.341	0.44214101481396234
727.656	0.44214281852881665
727.971	0.44214315410367333
728.286	0.4421458387025263
728.601	0.44214491587167054
728.916	0.4421459645430975
729.23	0.4421458387025263
729.545	0.44214286047567375
729.859	0.44214286047567375
730.174	0.44214361551910114
730.488	0.44214206348538926
730.803	0.4421446641905281
731.117	0.44214609038366876
731.431	0.44214701321452443
731.746	0.4421501172819482
732.06	0.44214944613223495
732.374	0.4421493622385208
732.688	0.44215221462480203
733.002	0.44215150152823174
733.316	0.44215074648480435
733.63	0.4421504948036619
733.944	0.44214978170709157
734.258	0.44215099816594683
734.572	0.4421504528568048
734.886	0.44214848135452217
735.199	0.44214701321452443
735.513	0.44214789409852306
735.827	0.4421486071950934
736.14	0.44214873303566465
736.454	0.44214923639794956
736.767	0.44214873303566465
737.081	0.44214848135452217
737.394	0.4421504948036619
737.708	0.44214743268309525
738.021	0.44214709710823863
738.334	0.4421464679053824
738.647	0.44214525144652717
738.96	0.44214562896824083
739.273	0.44214755852366644
739.587	0.4421465517990966
739.9	0.4421454192339555
740.212	0.44214353162538705
740.525	0.44214315410367333
740.838	0.44214315410367333
741.151	0.44214533534024136
741.464	0.44214441250938563
741.776	0.44214327994424457
742.089	0.44214663569281076
742.402	0.44214562896824083
742.714	0.44214688737395325
743.027	0.44214810383280845
743.339	0.4421454192339555
743.651	0.44214768436423774
743.964	0.44214957197280613
744.276	0.44214927834480666
744.588	0.4421504528568048
744.901	0.44214923639794956
745.213	0.44214848135452217
745.525	0.44214797799223726
745.837	0.4421439091471007
746.149	0.44214307020995913
746.461	0.4421426087945313
746.773	0.4421446641905281
747.085	0.44214571286195503
747.396	0.44214533534024136
747.708	0.442147852151666
748.02	0.44215015922880524
748.331	0.44215003338823405
748.643	0.4421519209968025
748.955	0.44215083037851854
749.266	0.44215078843166145
749.577	0.44215225657165913
749.889	0.4421511659533751
750.2	0.4421519629436596
750.512	0.44215414418022764
750.823	0.4421529696682294
751.134	0.4421525082528016
751.445	0.4421536827647998
751.756	0.44215364081794273
752.067	0.44215150152823174
752.378	0.4421519209968025
752.689	0.4421525082528016
753.0	0.44215221462480203
753.311	0.4421530955088007
753.622	0.44215150152823174
753.932	0.4421525501996587
754.243	0.44215473143622674
754.554	0.4421519209968025
754.864	0.4421493622385208
755.175	0.44215057869737606
755.485	0.44215095621908973
755.796	0.44214881692937874
756.106	0.44214709710823863
756.417	0.44214701321452443
756.727	0.44214919445109246
757.037	0.44215099816594683
757.347	0.4421490266636642
757.658	0.44214894276995004
757.968	0.4421506206442331
758.278	0.44215015922880524
758.588	0.44215158542194594
758.898	0.4421493622385208
759.208	0.442147852151666
759.517	0.44214994949451986
759.827	0.4421490686105212
760.137	0.44214919445109246
760.447	0.44215007533509115
760.756	0.44214848135452217
761.066	0.44214973976023453
761.375	0.44214793604538016
761.685	0.44214546118081255
761.994	0.4421454192339555
762.304	0.44214676153338195
762.613	0.44214424472195735
762.922	0.44214311215681623
763.232	0.44214265074138837
763.541	0.44214273463510256
763.85	0.44214307020995913
764.159	0.4421416859636756
764.468	0.4421419376448181
764.777	0.442141895697961
765.086	0.4421424829539601
765.395	0.44214327994424457
765.704	0.44214273463510256
766.013	0.4421424829539601
766.321	0.44214164401681855
766.63	0.44213870773682307
766.939	0.4421399241956783
767.247	0.44214046950482033
767.556	0.44213749127796786
767.864	0.44213870773682307
768.173	0.442138665789966
768.481	0.44214030171739205
768.789	0.44214130844196187
769.098	0.44214281852881665
769.406	0.44214327994424457
769.714	0.44214571286195503
770.022	0.44214579675566923
770.33	0.44214764241738064
770.638	0.44214793604538016
770.946	0.44214764241738064
771.254	0.44214550312766965
771.562	0.44214546118081255
771.87	0.4421450836590989
772.178	0.4421458387025263
772.486	0.442145167552813
772.793	0.44214609038366876
773.101	0.4421464679053824
773.408	0.4421461742773829
773.716	0.44214688737395325
774.023	0.44214705516138153
774.331	0.44214692932081034
774.638	0.44214659374595366
774.946	0.44214546118081255
775.253	0.44214399304081486
775.56	0.4421463840116683
775.867	0.44214575480881213
776.174	0.44214630011795414
776.481	0.4421459645430975
776.788	0.4421467195865249
777.095	0.44215007533509115
777.402	0.44215288577451534
777.709	0.4421506206442331
778.016	0.44215104011280393
778.323	0.4421486071950934
778.63	0.44214973976023453
778.936	0.44214973976023453
779.243	0.44214546118081255
779.549	0.4421425249008171
779.856	0.44214294436938795
780.162	0.44214235711338884
780.469	0.44214424472195735
780.775	0.44214239906024594
781.082	0.44214156012310435
781.388	0.44214210543224636
781.694	0.44214395109395777
782.0	0.44214294436938795
782.306	0.4421426087945313
782.612	0.4421454192339555
782.918	0.44214885887623584
783.224	0.44214701321452443
783.53	0.44214604843681166
783.836	0.4421477682579518
784.142	0.44215145958137464
784.448	0.44215028506937654
784.753	0.44214793604538016
785.059	0.44214579675566923
785.365	0.44214999144137695
785.67	0.44215351497737143
785.976	0.4421536827647998
786.281	0.4421520048905167
786.586	0.44215259214651575
786.892	0.44215208878423085
787.197	0.44215145958137464
787.502	0.4421493622385208
787.808	0.44214630011795414
788.113	0.44214231516653174
788.418	0.44214424472195735
788.723	0.44214491587167054
789.028	0.44214558702138385
789.333	0.44214864914195046
789.638	0.4421493622385208
789.942	0.4421530955088007
790.247	0.4421553606390829
790.552	0.44215317940251486
790.857	0.44215544453279704
791.161	0.44215548647965414
791.466	0.44215225657165913
791.77	0.44215238241223037
792.075	0.44215083037851854
792.379	0.44215364081794273
792.684	0.44215485727679793
792.988	0.44215137568766055
793.292	0.44215099816594683
793.597	0.44215150152823174
793.901	0.44215091427223263
794.205	0.4421504948036619
794.509	0.44214822967337974
794.813	0.44214495781852764
795.117	0.4421461742773829
795.421	0.44214814577966555
795.725	0.44214881692937874
796.029	0.44214810383280845
796.332	0.44214743268309525
796.636	0.4421451256059559
796.94	0.4421467195865249
797.243	0.44214701321452443
797.547	0.44214663569281076
797.85	0.44214474808424226
798.154	0.44214734878938106
798.457	0.4421450836590989
798.761	0.44214558702138385
799.064	0.44214562896824083
799.367	0.44214558702138385
799.67	0.44214554507452675
799.973	0.44214562896824083
800.277	0.44214235711338884
800.58	0.442144076934529
800.883	0.44214403498767196
801.186	0.44214499976538474
801.488	0.44214558702138385
801.791	0.4421432379973875
802.094	0.44214445445624273
802.397	0.44214504171224184
802.699	0.44214344773167286
803.002	0.4421471390550957
803.305	0.44214529339338426
803.607	0.44214588064938337
803.91	0.44214663569281076
804.212	0.44214529339338426
804.515	0.44214768436423774
804.817	0.44215154347508884
805.119	0.44214743268309525
805.421	0.44214709710823863
805.724	0.44214424472195735
806.026	0.4421465098522395
806.328	0.44214894276995004
806.63	0.44214688737395325
806.932	0.4421463840116683
807.234	0.4421477263110947
807.535	0.4421491525042354
807.837	0.4421517112625171
808.139	0.4421512079002322
808.441	0.44215129179394635
808.742	0.44215162736880304
809.044	0.4421506206442331
809.346	0.4421514176345176
809.647	0.4421519629436596
809.948	0.4421511659533751
810.25	0.44214999144137695
810.551	0.44215057869737606
810.853	0.4421485233013792
811.154	0.4421503270162336
811.455	0.4421499075476628
811.756	0.4421504948036619
812.057	0.44214994949451986
812.358	0.4421506206442331
812.659	0.4421491525042354
812.96	0.4421519629436596
813.261	0.44215217267794504
813.562	0.44215154347508884
813.863	0.44214839746080803
814.163	0.44214978170709157
814.464	0.44214831356709383
814.765	0.44214885887623584
815.065	0.44214793604538016
815.366	0.44214546118081255
815.666	0.44214567091509793
815.967	0.44214877498252175
816.267	0.44214923639794956
816.567	0.44214919445109246
816.868	0.44214705516138153
817.168	0.44214709710823863
817.468	0.44214743268309525
817.768	0.4421486071950934
818.068	0.4421472229488098
818.368	0.4421446641905281
818.668	0.44214588064938337
818.968	0.44214634206481124
819.268	0.44175963398941276
819.568	0.44106553934534953
819.867	0.44062543292089124
820.167	0.4395157288169031
820.467	0.4382262824303374
820.766	0.4364832227313345
821.066	0.43426217859593225
821.365	0.4323137470846773
821.665	0.43018368568227633
821.964	0.4272186720897455
822.263	0.42501021201146655
822.563	0.4221058955211271
822.862	0.4192012015090739
823.161	0.41655871730061284
823.46	0.4138192939054454
823.759	0.4111705176684228
824.058	0.4088891958993999
824.357	0.40604607987353675
824.656	0.4026882759113312
824.955	0.3994509852695097
825.254	0.39611260270213117
825.552	0.39295572418532737
825.851	0.3899305587997473
826.15	0.38595924010592475
826.448	0.38151568369512245
826.747	0.3781135419049859
827.045	0.37536426099840525
827.344	0.3721653517308098
827.642	0.3685077535810706
827.941	0.3641098353507687
828.239	0.3598528585602476
828.537	0.35543379911397854
828.835	0.3510672571327708
829.133	0.3465452600992333
829.432	0.34190765752759
829.73	0.33749035984931824
830.028	0.33340809171852537
830.325	0.3300507911186048
830.623	0.32776263201187833
830.921	0.325323757847672
831.219	0.32245954255269876
831.517	0.3198407163716295
831.814	0.3173446266943693
832.112	0.3150760567698981
832.409	0.3125898246040511
832.707	0.3100535078908535
833.004	0.3079126241993265
833.302	0.30504295581293317
833.599	0.30311281313136407
833.896	0.300588661006719
834.194	0.2986208500474942
834.491	0.2966788783522292
834.788	0.2943981018923484
835.085	0.29200830555092294
835.382	0.2905780435651477
835.679	0.288662708124127
835.976	0.2873113062296576
836.273	0.2861238745995047
836.57	0.28517264572155576
836.866	0.28462742047326106
837.163	0.2838380225699175
837.46	0.2836960324587098
837.756	0.2834649472230693
838.053	0.2833048780164611
838.349	0.28306691349625984
838.646	0.282688678685991
838.942	0.2819500784265685
839.239	0.2820277640058762
839.535	0.2807919257026557
839.831	0.2803732121753071
840.127	0.2801262290808341
840.423	0.27886748779364917
840.72	0.27796873443390435
841.016	0.2780045151029915
841.312	0.27705735507017915
841.607	0.27715139992374715
841.903	0.27644144936770865
842.199	0.27591682002623896
842.495	0.275736868009376
842.791	0.27607739259513203
843.086	0.2755372848634008
843.382	0.27550586666744964
843.677	0.2748151277719526
843.973	0.27427992782249944
844.268	0.2737769850061389
844.564	0.2732481609789615
844.859	0.2721671904720715
845.154	0.27151634303765537
845.45	0.270989154937904
845.745	0.27014279320264906
846.04	0.26931677569307677
846.335	0.26799318456484994
846.63	0.267231136012321
846.925	0.26721498647234615
847.22	0.2665928306881711
847.515	0.26448584005716275
847.81	0.26468852727056175
848.104	0.2646398689163517
848.399	0.26360227145968
848.694	0.2626356480851836
848.988	0.2612194382965294
849.283	0.26001396951783307
849.578	0.2597505013085286
849.872	0.2574955641126076
850.166	0.25483592363960184
850.461	0.2526817427943812
850.755	0.2505599868696816
851.049	0.24768520096672478
851.343	0.24482752938145563
851.638	0.2433183653575174
851.932	0.2398144604921106
852.226	0.23855693566378097
852.52	0.2375784832755887
852.814	0.23520009647928827
853.107	0.23236717353969488
853.401	0.22886016460686434
853.695	0.22444945258515378
853.989	0.2211298202628889
854.282	0.21618042670258772
854.576	0.21114399341385048
854.869	0.20667803738136872
855.163	0.20299925606880537
855.456	0.19980307334691988
855.75	0.1960345677070675
856.043	0.1939600439434373
856.336	0.19008214090032655
856.63	0.18622449818918427
856.923	0.18268204416212314
857.216	0.17796130291975198
857.509	0.17149175525895824
857.802	0.16646362744792237
858.095	0.1600477298173309
858.388	0.15181972796098672
858.681	0.14973949942479395
858.974	0.14477236234394894
859.266	0.13988035208412988
859.559	0.1393366369226899
859.852	0.13656088754929332
860.144	0.13244757874426302
860.437	0.13127449293923063
860.729	0.12176719583573355
861.022	0.11660177596148266
861.314	0.11067388806613208
861.606	0.10495523109388462
861.899	0.0994357797458987
862.191	0.09404795763542234
862.483	0.09239839748084538
862.775	0.08980775958773228
863.067	0.08807686447728184
863.359	0.08639236259075922
863.651	0.0828699591613812
863.943	0.08140924375736763
864.235	0.07709555481607759
864.527	0.07148675666251639
864.819	0.07332902067850787
865.11	0.07298291716076052
865.402	0.07426951116104494
865.693	0.07036765646254285
865.985	0.07083150480810704
866.276	0.073585819337537
866.568	0.07440873277968553
866.859	0.07236206172915483
867.151	0.07242330414048814
867.442	0.06931424504075287
867.733	0.07193130945382488
868.024	0.07206541355590199
868.315	0.0716982107690446
868.606	0.06994193781006222
868.897	0.06998564643513708
869.188	0.06953442409355323
869.479	0.07176763281750805
869.77	0.06983526695251385
870.061	0.0689264044002133
870.351	0.0683438045022624
870.642	0.07071795466599796
870.933	0.07178600554090804
871.223	0.0702171511393484
871.514	0.06861490703955497
871.804	0.06871650232739694
872.095	0.06728569503247972
872.385	0.06678472371840184
872.675	0.06432147843023342
