Wavelength	Normalized Intensity
179.611	-0.03398643422256255
179.992	0.003750678225594378
180.373	-0.021396336751860777
180.754	-0.034429518873873334
181.134	-0.01270662583966337
181.515	-0.04212936785275333
181.896	-0.041220001938167855
182.276	0.09117480765989155
182.657	-0.003329112311964411
183.038	0.11112641076028533
183.418	0.44208463823805005
183.799	5.098355658623775
184.179	-0.5707096418436877
184.56	-0.5954866855417182
184.94	-0.01551459039929557
185.32	0.17561852900511046
185.701	0.06804023509759174
186.081	0.3450216663564604
186.461	0.24439266631413206
186.842	0.2395231395697066
187.222	0.24104874676161922
187.602	0.24291219394043492
187.982	0.24203420427494352
188.362	0.2425915521649337
188.742	0.24349538109438493
189.122	0.24385071292068933
189.502	0.24407923939804815
189.882	0.24416426567734445
190.262	0.24379911828648387
190.642	0.2440709339203468
191.022	0.2445409065070443
191.402	0.24353472724632372
191.781	0.2441069243237194
192.161	0.2442210197749705
192.541	0.24387688775950578
192.92	0.24450781043681008
193.3	0.2441284430614002
193.68	0.24339525394654066
194.059	0.24323661093307314
194.439	0.24343925619961507
194.818	0.24332188889351192
195.198	0.24346828342471277
195.577	0.24332629331350505
195.957	0.24398615932219295
196.336	0.24427534095488596
196.715	0.24521264347628513
197.094	0.2447235850696173
197.474	0.24452714793792288
197.853	0.24408364381804132
198.232	0.24347935739498128
198.611	0.24304046742937824
198.99	0.2433676529145836
199.369	0.24285946674108838
199.748	0.242351741983021
200.127	0.2429530921260856
200.506	0.24337809768199595
200.885	0.24402475043070435
201.264	0.24432349594681105
201.643	0.2438972319851884
202.022	0.24462777844805203
202.401	0.24506352239937423
202.779	0.24490521496076334
203.158	0.2442058350127084
203.537	0.2436297368776045
203.915	0.243369498576295
204.294	0.2431456282000718
204.673	0.24270766106532451
205.051	0.24232602855963242
205.43	0.24207342458631106
205.808	0.24252225595704147
206.187	0.24274704916412038
206.565	0.24292318401698926
206.943	0.24315636659548368
207.322	0.2428000280446094
207.7	0.24362793316275017
208.078	0.24368137345866703
208.456	0.24452601537278176
208.835	0.24420164032700062
209.213	0.24405658809522623
209.591	0.24372998986601999
209.969	0.24431443542568232
210.347	0.2437082194471967
210.725	0.24403502741068836
211.103	0.2433365702934891
211.481	0.24352805769604838
211.859	0.2440976960151623
212.237	0.24461225811093332
212.614	0.2446100349275082
212.992	0.24460172944980685
213.37	0.24536054809434077
213.748	0.2462917263746066
214.125	0.246136271322277
214.503	0.24589641919350722
214.881	0.24611601099030853
215.258	0.2454210354622467
215.636	0.24547300761816587
216.013	0.2452034151677281
216.391	0.24438775853185396
216.768	0.24469304775766482
217.145	0.24476460909583922
217.523	0.2446905728930972
217.9	0.24487950153737476
218.277	0.24500899148517336
218.655	0.2438942537583359
219.032	0.24473159691931912
219.409	0.2446977038588004
219.786	0.24404903766095226
220.163	0.2441295756265413
220.54	0.24447416905743385
220.917	0.2441434180893769
221.294	0.24482992035230902
221.671	0.2441599032042084
222.048	0.2438947571206208
222.425	0.24448373294084752
222.802	0.24449682036025575
223.179	0.24470496066507483
223.556	0.24483583485915697
223.932	0.24434262371363846
224.309	0.24458461513211918
224.686	0.24496310162353044
225.062	0.24476544803298075
225.439	0.24491251371389486
225.815	0.24439027534327862
226.192	0.24435210370333801
226.568	0.24443973068777314
226.945	0.24415201719507781
227.321	0.24455588153502103
227.698	0.2447891899540867
228.074	0.24518269342033172
228.45	0.2450480440091126
228.827	0.24526297970477826
229.203	0.24530505240242712
229.579	0.24551856190495214
229.955	0.24531558106355358
230.331	0.24555169992204345
230.707	0.24496154958981856
231.083	0.2452700687236244
231.46	0.24479569171693372
231.835	0.2451837001449016
232.211	0.24509271741190028
232.587	0.2450223725325811
232.963	0.24430969543083253
233.339	0.2443577245821864
233.715	0.24371451147575834
234.091	0.24416770531962484
234.466	0.24429098713257594
234.842	0.24408653815117964
235.218	0.24388145996692723
235.593	0.24429463650914168
235.969	0.24385163575154506
236.344	0.24518491660375685
236.72	0.2456084120728124
237.095	0.24564540920075484
237.471	0.24620254735645963
237.846	0.2465152611759732
238.222	0.2466141718649622
238.597	0.246365427002492
238.972	0.24582217325647987
239.348	0.24520458967972625
239.723	0.2451559313255162
240.098	0.2448824378173702
240.473	0.24463931383374837
240.848	0.24483583485915697
241.223	0.24571902593492603
241.598	0.24551122120496358
241.973	0.24629545964488653
242.348	0.24739094376432536
242.723	0.24771729031238915
243.098	0.247388049431187
243.473	0.24716090720011175
243.848	0.246949159465584
244.223	0.24767408504959923
244.597	0.24745386404994177
244.972	0.2459107230717707
245.347	0.24622679263985048
245.721	0.24664219236549004
246.096	0.24673132943677997
246.47	0.24695217963929358
246.845	0.24596575734825651
247.219	0.2457235561954904
247.594	0.24684135604289453
247.968	0.24678619592583748
248.343	0.2465179038279691
248.717	0.2466444994426293
249.091	0.24646647698119192
249.466	0.24697227218383375
249.84	0.24741317559857648
250.214	0.24669949177225806
250.588	0.2460122764127556
250.962	0.24622838662041943
251.336	0.2460850961566423
251.71	0.24674349402533247
252.084	0.247278316453072
252.458	0.24741284002371988
252.832	0.24696866475412507
253.206	0.2473238287930012
253.58	0.24685784115772605
253.954	0.24672742837907174
254.328	0.24685607938972876
254.702	0.2463127417500025
255.075	0.2456263653276416
255.449	0.24572569548520137
255.823	0.24558743864427357
256.196	0.24589356680722596
256.57	0.2462260375964231
256.943	0.2456158366665151
257.317	0.24574830484116622
257.69	0.24603811567671538
258.064	0.24632880739626323
258.437	0.24669219301912657
258.81	0.24685205249144931
259.184	0.2469279343559027
259.557	0.24665804827746537
259.93	0.24616324315137791
260.303	0.2453850450588741
260.677	0.2455434363911992
261.05	0.2451170046421482
261.423	0.24495727101039666
261.796	0.2447760186409643
262.169	0.2451690606917815
262.542	0.24508315352848656
262.915	0.24576353155028538
263.288	0.2456771210247055
263.661	0.24594692320942868
264.033	0.24603874487957159
264.406	0.24596798053168162
264.779	0.24608035616179258
265.152	0.24685742168915525
265.524	0.24696178546956435
265.897	0.24722219155830213
266.27	0.24696186936327852
266.642	0.24692013224048628
267.015	0.2471265107773081
267.387	0.24703590556602048
267.76	0.24698980597009218
268.132	0.24720356715375968
268.504	0.24704756679228806
268.877	0.24768058681244626
269.249	0.2482857541195049
269.621	0.24794002812347127
269.994	0.24845836543637925
270.366	0.24823499842244098
270.738	0.24797182384113609
271.11	0.24835081369483228
271.482	0.24818793404879994
271.854	0.2474418253019605
272.226	0.24762890828452663
272.598	0.24720004361776515
272.97	0.24766183656733254
273.342	0.24760789290913077
273.714	0.2473624199015126
274.086	0.2474980340904445
274.458	0.2482215334813191
274.829	0.24828831287778666
275.201	0.2488011551524175
275.573	0.24837728216164826
275.944	0.24843684669869845
276.316	0.2486462454092299
276.688	0.24824464619956887
277.059	0.24809808388093968
277.431	0.24778125926943248
277.802	0.2471169468938944
278.173	0.24744375485738607
278.545	0.2478031974756841
278.916	0.24740277277802122
279.287	0.24751384805556273
279.659	0.2474114138305792
280.03	0.24736762131179021
280.401	0.2474582684699349
280.772	0.24721006891660668
281.143	0.24649814685828553
281.515	0.24597238495167478
281.886	0.24588177974038714
282.257	0.24698691163695383
282.628	0.25052642938401953
282.998	0.25658590457002256
283.369	0.2681782121514193
283.74	0.28621087238108367
284.111	0.3092520712395287
284.482	0.3359812797190942
284.853	0.36162616194320346
285.223	0.3857429201639755
285.594	0.4082132642444514
285.965	0.42567897075385486
286.335	0.43657701590376
286.706	0.4416339612056082
287.076	0.44182645533273734
287.447	0.44182641338588025
287.817	0.4418259939173095
288.188	0.44182830099444875
288.558	0.44182951745330407
288.928	0.44183085975273056
289.299	0.44183224399901405
289.669	0.44183278930815606
290.039	0.44183090169958755
290.409	0.4418286785161625
290.779	0.44182821710073467
291.149	0.4418293077190186
291.52	0.44183069196530217
291.89	0.44182624559845196
292.26	0.44182721037616474
292.629	0.44182767179159266
292.999	0.44182855267559124
293.369	0.44183094364644465
293.739	0.4418299788687319
294.109	0.44182838488816295
294.479	0.44182947550644697
294.848	0.44182855267559124
295.218	0.4418271264824506
295.588	0.4418292238253045
295.957	0.44182515498016794
296.327	0.4418256163955958
296.696	0.44182419020245517
297.066	0.441823519052742
297.435	0.44182423214931227
297.805	0.4418260778110237
298.174	0.44182704258873645
298.544	0.4418271684293077
298.913	0.44182683285445107
299.282	0.44183023054987436
299.651	0.44183169868987204
300.021	0.44183157284930086
300.39	0.44183077585901637
300.759	0.44182838488816295
301.128	0.44182985302816064
301.497	0.44182838488816295
301.866	0.4418260778110237
302.235	0.441827881525878
302.604	0.44182758789787846
302.973	0.44182893019730496
303.342	0.44182888825044786
303.71	0.44182909798473324
304.079	0.44182888825044786
304.448	0.44183077585901637
304.817	0.44182783957902094
305.185	0.4418280493133063
305.554	0.4418280493133063
305.923	0.44182951745330407
306.291	0.4418286785161625
306.66	0.4418293496658757
307.028	0.44183044028415974
307.397	0.4418306500184451
307.765	0.4418310694870159
308.133	0.4418326634675849
308.502	0.44183102754015885
308.87	0.4418319503710145
309.238	0.4418319503710145
309.606	0.44183018860301726
309.975	0.44183245373329944
310.343	0.44183362824529765
310.711	0.44183123727444423
311.079	0.44183283125501316
311.447	0.44183509638529533
311.815	0.44183635479100763
312.183	0.4418358514287227
312.551	0.44183606116300816
312.919	0.4418340057670114
313.286	0.4418350124915812
313.654	0.44183513833215243
314.022	0.44183073391215927
314.39	0.44182779763216384
314.757	0.44182775568530674
315.125	0.4418253227675963
315.492	0.44182645533273734
315.86	0.44182570028930995
316.228	0.44182381268074145
316.595	0.44182649727959444
316.962	0.44183018860301726
317.33	0.4418299788687319
317.697	0.44183027249673146
318.065	0.44183165674301494
318.432	0.44183165674301494
318.799	0.44183224399901405
319.166	0.44183123727444423
319.534	0.44183077585901637
319.901	0.4418325795738707
320.268	0.44183442523558214
320.635	0.441833292670441
321.002	0.4418340057670114
321.369	0.441833292670441
321.736	0.44183413160758256
322.103	0.44183153090244376
322.47	0.44183232789272825
322.836	0.4418340057670114
323.203	0.44183283125501316
323.57	0.441830608071588
323.937	0.44183085975273056
324.303	0.44183123727444423
324.67	0.44183278930815606
325.037	0.4418318664773004
325.403	0.4418284687818771
325.77	0.44183023054987436
326.136	0.44183513833215243
326.503	0.4418348027572958
326.869	0.44183417355443966
327.235	0.44183308293615564
327.602	0.44183283125501316
327.968	0.44183442523558214
328.334	0.4418352222258666
328.7	0.44183434134186794
329.067	0.441837067887578
329.433	0.4418379907184337
329.799	0.44183941691157436
330.165	0.44183681620643556
330.531	0.44183807461214786
330.897	0.4418376551435771
331.263	0.4418353061195808
331.629	0.4418352222258666
331.995	0.44183434134186794
332.36	0.4418345510761533
332.726	0.4418376551435771
333.092	0.44183757124986295
333.458	0.4418371098344351
333.823	0.4418365645252931
334.189	0.44183555780072326
334.554	0.4418357675350086
334.92	0.44183383797958303
335.286	0.44183144700872956
335.651	0.4418271684293077
336.016	0.4418252388738821
336.382	0.4418250710864538
336.747	0.44182439993674055
337.113	0.44182460967102594
337.478	0.44182620365159486
337.843	0.4418284687818771
338.208	0.44182947550644697
338.573	0.441831111433873
338.939	0.44183102754015885
339.304	0.44183220205215695
339.669	0.4418325795738707
340.034	0.44183253762701363
340.399	0.4418331668298698
340.764	0.44183488665100995
341.129	0.44183408966072546
341.493	0.4418338799264401
341.858	0.44183408966072546
342.223	0.44183513833215243
342.588	0.44183597726929397
342.952	0.44183367019215475
343.317	0.441833292670441
343.682	0.44183350240472635
344.046	0.44183429939501084
344.411	0.4418345510761533
344.775	0.44183157284930086
345.14	0.44183236983958535
345.504	0.4418339638201543
345.869	0.44183333461729807
346.233	0.44183383797958303
346.597	0.44183417355443966
346.962	0.44183413160758256
347.326	0.44183421550129676
347.69	0.44183299904244144
348.054	0.44183304098929854
348.418	0.44183421550129676
348.782	0.44183383797958303
349.146	0.4418326215207278
349.51	0.44183039833730264
349.874	0.4418313211681584
350.238	0.4418319923178716
350.602	0.44183144700872956
350.966	0.44183178258358624
351.33	0.44183073391215927
351.693	0.44183216010529996
352.057	0.44183425744815374
352.421	0.44183559974758024
352.784	0.44183367019215475
353.148	0.44183232789272825
353.512	0.44183073391215927
353.875	0.44183379603272593
354.239	0.44183425744815374
354.602	0.44183216010529996
354.966	0.4418300627624461
355.329	0.44183207621158577
355.692	0.44183434134186794
356.056	0.4418353480664378
356.419	0.4418337121390118
356.782	0.44183471886358167
357.145	0.4418352641727237
357.508	0.4418352222258666
357.871	0.44183337656415517
358.234	0.4418314050618725
358.597	0.44183035639044554
358.96	0.44183018860301726
359.323	0.44182700064187935
359.686	0.44182591002359534
360.049	0.44182855267559124
360.412	0.4418291818784474
360.775	0.44183077585901637
361.137	0.4418291818784474
361.5	0.44182893019730496
361.863	0.44183039833730264
362.225	0.4418339638201543
362.588	0.44183417355443966
362.951	0.4418350124915812
363.313	0.44183333461729807
363.675	0.44183484470415285
364.038	0.4418345510761533
364.4	0.44183513833215243
364.763	0.44183236983958535
365.125	0.44183165674301494
365.487	0.44183178258358624
365.849	0.4418332087767269
366.212	0.44183123727444423
366.574	0.4418340057670114
366.936	0.44183492859786705
367.298	0.44183606116300816
367.66	0.44183539001329486
368.022	0.44183425744815374
368.384	0.44183341851101227
368.746	0.44183820045271904
369.108	0.44183497054472415
369.469	0.44183236983958535
369.831	0.44183069196530217
370.193	0.44183014665616016
370.555	0.4418319084241575
370.916	0.4418326215207278
371.278	0.44182951745330407
371.64	0.44182838488816295
372.001	0.44182947550644697
372.363	0.44182817515387757
372.724	0.44183044028415974
373.086	0.44183077585901637
373.447	0.44183165674301494
373.808	0.44183354435158345
374.17	0.44183337656415517
374.531	0.44183216010529996
374.892	0.44183601921615107
375.253	0.4418319503710145
375.615	0.44183073391215927
375.976	0.44182721037616474
376.337	0.44182687480130817
376.698	0.4418312792213013
377.059	0.44183283125501316
377.42	0.44183476081043876
377.781	0.4418379487715766
378.141	0.44183778098414833
378.502	0.44184042363614423
378.863	0.44183954275214554
379.224	0.44183769709043413
379.585	0.44183685815329266
379.945	0.4418366903658643
380.306	0.4418366064721502
380.666	0.44183778098414833
381.027	0.4418371937281492
381.388	0.44183614505672225
381.748	0.44183681620643556
382.108	0.4418366903658643
382.469	0.44183304098929854
382.829	0.4418319084241575
383.19	0.441831111433873
383.55	0.44183094364644465
383.91	0.44183236983958535
384.27	0.44182964329387525
384.63	0.44182779763216384
384.991	0.44182955940016105
385.351	0.44182880435673366
385.711	0.4418250710864538
386.071	0.44182502913959676
386.431	0.44182494524588256
386.791	0.44182515498016794
387.15	0.4418292238253045
387.51	0.4418290140910191
387.87	0.4418286785161625
388.23	0.44183165674301494
388.589	0.44183337656415517
388.949	0.44183484470415285
389.309	0.44183731956872047
389.668	0.4418352222258666
390.028	0.4418345091292963
390.387	0.4418366484190072
390.747	0.441836522578436
391.106	0.44183757124986295
391.466	0.44183618700357935
391.825	0.44183752930300585
392.184	0.44183908133671773
392.544	0.44184029779557293
392.903	0.441839794433288
393.262	0.44183899744300353
393.621	0.4418365645252931
393.98	0.4418384521338615
394.339	0.44183509638529533
394.698	0.44183220205215695
395.057	0.4418326634675849
395.416	0.4418332507235839
395.775	0.44183434134186794
396.134	0.4418344671824392
396.493	0.4418319923178716
396.852	0.44183346045786936
397.211	0.44183635479100763
397.569	0.44183601921615107
397.928	0.44183606116300816
398.287	0.4418350124915812
398.645	0.44183752930300585
399.004	0.4418371098344351
399.362	0.4418379487715766
399.721	0.44183639673786473
400.079	0.4418350124915812
400.438	0.44183673231272136
400.796	0.4418389554961465
401.154	0.44183748735614875
401.512	0.44183773903729123
401.871	0.44183769709043413
402.229	0.44183908133671773
402.587	0.4418410528390004
402.945	0.44183836824014744
403.303	0.4418350124915812
403.661	0.44183488665100995
404.019	0.4418352641727237
404.377	0.4418339218732972
404.735	0.44183211815844287
405.093	0.44182842683502005
405.451	0.4418299788687319
405.808	0.44183123727444423
406.166	0.4418298110813036
406.524	0.44183014665616016
406.882	0.4418267070138798
407.239	0.44182750400416426
407.597	0.4418292238253045
407.954	0.44182809126016337
408.312	0.4418291818784474
408.669	0.4418291818784474
409.027	0.44182884630359076
409.384	0.44183283125501316
409.741	0.4418314050618725
410.099	0.4418290140910191
410.456	0.441827881525878
410.813	0.4418258680767383
411.17	0.4418258261298812
411.527	0.4418248194053114
411.884	0.44182419020245517
412.242	0.44182695869502225
412.599	0.44183069196530217
412.956	0.4418326634675849
413.312	0.44183471886358167
413.669	0.4418371517812921
414.026	0.44183899744300353
414.383	0.44183945885843146
414.74	0.44183627089729355
415.096	0.44183417355443966
415.453	0.4418325795738707
415.81	0.4418331668298698
416.166	0.44182905603787614
416.523	0.44182750400416426
416.879	0.44182855267559124
417.236	0.44183098559330175
417.592	0.44183073391215927
417.949	0.44183077585901637
418.305	0.44183085975273056
418.661	0.4418324117864424
419.018	0.4418345930230104
419.374	0.4418326215207278
419.73	0.44183425744815374
420.086	0.44183601921615107
420.442	0.44183564169443734
420.798	0.4418353061195808
421.154	0.44183564169443734
421.51	0.44183543196015196
421.866	0.44183601921615107
422.222	0.44183283125501316
422.578	0.44183216010529996
422.934	0.44183232789272825
423.29	0.4418332087767269
423.646	0.44183291514872736
424.001	0.441830608071588
424.357	0.44182855267559124
424.713	0.44183094364644465
425.068	0.4418299369218748
425.424	0.4418300627624461
425.779	0.44183153090244376
426.135	0.44183442523558214
426.49	0.44183606116300816
426.845	0.44183815850586206
427.201	0.44183807461214786
427.556	0.4418384521338615
427.911	0.44184000416757346
428.266	0.44183622895043645
428.622	0.44183350240472635
428.977	0.44183354435158345
429.332	0.44183539001329486
429.687	0.44183488665100995
430.042	0.44183484470415285
430.397	0.44183216010529996
430.752	0.4418337121390118
431.107	0.44183471886358167
431.461	0.44183476081043876
431.816	0.44183367019215475
432.171	0.4418319084241575
432.526	0.4418314050618725
432.88	0.44183216010529996
433.235	0.44182909798473324
433.59	0.4418299369218748
433.944	0.44182968524073235
434.299	0.44183174063672914
434.653	0.44183203426472867
435.008	0.4418345510761533
435.362	0.4418345930230104
435.716	0.44183836824014744
436.071	0.44183627089729355
436.425	0.4418371517812921
436.779	0.4418353480664378
437.133	0.4418371937281492
437.487	0.4418358514287227
437.841	0.4418379907184337
438.195	0.44183882965557525
438.549	0.44184000416757346
438.903	0.44183933301786016
439.257	0.4418405494767154
439.611	0.44184033974243003
439.965	0.44183861992128987
440.319	0.44184042363614423
440.673	0.441839752486431
441.026	0.44183966859271684
441.38	0.4418400461144305
441.734	0.4418400461144305
442.087	0.44183878770871815
442.441	0.44183962664585974
442.794	0.44183614505672225
443.148	0.44183513833215243
443.501	0.4418352222258666
443.855	0.4418345930230104
444.208	0.4418331668298698
444.561	0.44183216010529996
444.915	0.441833292670441
445.268	0.44183341851101227
445.621	0.4418319084241575
445.974	0.44183224399901405
446.327	0.44183090169958755
446.68	0.44183023054987436
447.033	0.44183354435158345
447.386	0.4418332507235839
447.739	0.4418344671824392
448.092	0.44183601921615107
448.445	0.44183513833215243
448.798	0.4418352222258666
449.15	0.44183778098414833
449.503	0.4418361031098652
449.856	0.44183690010014964
450.209	0.44183803266529076
450.561	0.4418361031098652
450.914	0.4418384101870045
451.266	0.44183992027385927
451.619	0.44183836824014744
451.971	0.4418379487715766
452.323	0.4418372356750063
452.676	0.44183379603272593
453.028	0.441837067887578
453.38	0.4418339218732972
453.733	0.4418331668298698
454.085	0.44183148895558666
454.437	0.4418326215207278
454.789	0.4418327054144419
455.141	0.4418358933755798
455.493	0.44183518027900953
455.845	0.44183727762186337
456.197	0.44183698399386384
456.549	0.44183752930300585
456.901	0.44183807461214786
457.253	0.4418379487715766
457.604	0.441836522578436
457.956	0.4418339218732972
458.308	0.44183497054472415
458.659	0.44183618700357935
459.011	0.44183543196015196
459.362	0.4418337121390118
459.714	0.44183354435158345
460.065	0.44183354435158345
460.417	0.44183497054472415
460.768	0.4418339218732972
461.12	0.44183174063672914
461.471	0.4418340057670114
461.822	0.44183606116300816
462.173	0.44183681620643556
462.525	0.44183757124986295
462.876	0.44183740346243466
463.227	0.44183484470415285
463.578	0.441836522578436
463.929	0.4418344671824392
464.28	0.44183144700872956
464.631	0.44182951745330407
464.982	0.441830608071588
465.332	0.441830020815589
465.683	0.44183153090244376
466.034	0.44183085975273056
466.385	0.44183090169958755
466.735	0.44183077585901637
467.086	0.44183102754015885
467.437	0.4418313631150155
467.787	0.4418314050618725
468.138	0.441830608071588
468.488	0.4418325795738707
468.839	0.44183383797958303
469.189	0.44183362824529765
469.539	0.44183425744815374
469.89	0.44183253762701363
470.24	0.4418319503710145
470.59	0.4418326634675849
470.94	0.4418332087767269
471.29	0.44183165674301494
471.64	0.44183337656415517
471.99	0.44183471886358167
472.34	0.44183635479100763
472.69	0.4418353480664378
473.04	0.4418366903658643
473.39	0.44183618700357935
473.74	0.44183757124986295
474.09	0.4418372356750063
474.439	0.4418371937281492
474.789	0.44183606116300816
475.139	0.44183811655900496
475.488	0.44183677425957846
475.838	0.4418366903658643
476.188	0.44183618700357935
476.537	0.44183698399386384
476.886	0.44183606116300816
477.236	0.44183346045786936
477.585	0.44183341851101227
477.935	0.44183283125501316
478.284	0.44183228594587115
478.633	0.44183224399901405
478.982	0.44183220205215695
479.331	0.4418325795738707
479.68	0.44183434134186794
480.03	0.44183488665100995
480.379	0.44183622895043645
480.728	0.44183518027900953
481.076	0.44183555780072326
481.425	0.44183614505672225
481.774	0.4418353480664378
482.123	0.4418340057670114
482.472	0.44183408966072546
482.821	0.4418348027572958
483.169	0.4418359353224369
483.518	0.44183614505672225
483.866	0.4418357675350086
484.215	0.44183551585386616
484.563	0.44183677425957846
484.912	0.4418345930230104
485.26	0.4418331668298698
485.609	0.44183518027900953
485.957	0.44183543196015196
486.305	0.44183362824529765
486.654	0.44183471886358167
487.002	0.44183748735614875
487.35	0.44183870381500406
487.698	0.44183803266529076
488.046	0.44183434134186794
488.394	0.4418339218732972
488.742	0.4418350124915812
489.09	0.44183518027900953
489.438	0.44183362824529765
489.786	0.44183648063157893
490.134	0.4418371517812921
490.482	0.44184071726414376
490.829	0.44183870381500406
491.177	0.44184071726414376
491.525	0.44184033974243003
491.872	0.44183828434643324
492.22	0.44183685815329266
492.567	0.44183614505672225
492.915	0.4418332507235839
493.262	0.44183463496986747
493.61	0.44183044028415974
493.957	0.44183232789272825
494.304	0.44183245373329944
494.652	0.44183383797958303
494.999	0.44183513833215243
495.346	0.4418348027572958
495.693	0.4418358933755798
496.04	0.44183962664585974
496.387	0.4418371098344351
496.734	0.4418384940807186
497.081	0.4418366903658643
497.428	0.44183622895043645
497.775	0.44183740346243466
498.122	0.4418371517812921
498.469	0.44183543196015196
498.816	0.44183748735614875
499.162	0.4418357675350086
499.509	0.4418353480664378
499.856	0.44183685815329266
500.202	0.44183727762186337
500.549	0.44183698399386384
500.895	0.441836522578436
501.242	0.44183547390700906
501.588	0.4418366903658643
501.935	0.44183559974758024
502.281	0.44183484470415285
502.627	0.44183463496986747
502.973	0.44183299904244144
503.32	0.44183174063672914
503.666	0.4418314050618725
504.012	0.44183081780587347
504.358	0.44183039833730264
504.704	0.44182721037616474
505.05	0.44182758789787846
505.396	0.44183094364644465
505.742	0.4418325795738707
506.088	0.44183346045786936
506.433	0.4418340057670114
506.779	0.4418350124915812
507.125	0.44183597726929397
507.471	0.44183434134186794
507.816	0.4418325795738707
508.162	0.44183463496986747
508.507	0.44183559974758024
508.853	0.4418366064721502
509.198	0.4418358094818657
509.544	0.4418392910710031
509.889	0.44184084310471494
510.234	0.4418398363801451
510.58	0.4418387457618611
510.925	0.4418379068247196
511.27	0.44183778098414833
511.615	0.4418384521338615
511.96	0.44183497054472415
512.306	0.44183442523558214
512.651	0.4418337121390118
512.996	0.44183203426472867
513.341	0.44183098559330175
513.685	0.44182939161273277
514.03	0.4418314050618725
514.375	0.44183539001329486
514.72	0.44183622895043645
515.065	0.44183857797443277
515.409	0.44183891354928945
515.754	0.44183778098414833
516.099	0.44184000416757346
516.443	0.44183757124986295
516.788	0.44183497054472415
517.132	0.44183291514872736
517.476	0.4418313211681584
517.821	0.4418325795738707
518.165	0.44183291514872736
518.51	0.44183035639044554
518.854	0.4418318664773004
519.198	0.44183178258358624
519.542	0.44183421550129676
519.886	0.44183467691672457
520.23	0.44183341851101227
520.574	0.4418337121390118
520.918	0.44183488665100995
521.262	0.4418345930230104
521.606	0.4418337121390118
521.95	0.44183174063672914
522.294	0.44183161479615796
522.638	0.44183148895558666
522.981	0.44183148895558666
523.325	0.44183123727444423
523.669	0.4418325795738707
524.012	0.44183341851101227
524.356	0.44183346045786936
524.699	0.44183497054472415
525.043	0.44183434134186794
525.386	0.4418353480664378
525.73	0.44184747070813324
526.073	0.4418447441624232
526.416	0.4418444924812807
526.76	0.4418463381429921
527.103	0.44184621230242094
527.446	0.44185082645669943
527.789	0.44185091035041363
528.132	0.4418405075298584
528.475	0.44184428274699533
528.818	0.4418444085875666
529.161	0.4418423531915698
529.504	0.441839752486431
529.847	0.44183643868472183
530.19	0.4418358933755798
530.532	0.4418337121390118
530.875	0.44182855267559124
531.218	0.44182834294130585
531.56	0.44182884630359076
531.903	0.44183203426472867
532.246	0.44183123727444423
532.588	0.4418305241778739
532.93	0.44183220205215695
533.273	0.44183509638529533
533.615	0.44183513833215243
533.958	0.4418358094818657
534.3	0.44183278930815606
534.642	0.44183639673786473
534.984	0.44183702594072094
535.326	0.4418352222258666
535.669	0.44183618700357935
536.011	0.441836522578436
536.353	0.44183635479100763
536.695	0.44183891354928945
537.037	0.44183807461214786
537.378	0.44183698399386384
537.72	0.44183606116300816
538.062	0.44183362824529765
538.404	0.44183161479615796
538.746	0.44183165674301494
539.087	0.4418313631150155
539.429	0.4418306500184451
539.77	0.4418319503710145
540.112	0.4418340057670114
540.454	0.44183698399386384
540.795	0.4418384101870045
541.136	0.44183866186814696
541.478	0.44183903938986063
541.819	0.44183736151557756
542.16	0.44183769709043413
542.502	0.4418371098344351
542.843	0.4418358933755798
543.184	0.4418371517812921
543.525	0.44183639673786473
543.866	0.4418338799264401
544.207	0.44183346045786936
544.548	0.44183304098929854
544.889	0.4418313211681584
545.23	0.44183073391215927
545.571	0.44183216010529996
545.911	0.4418319084241575
546.252	0.44183417355443966
546.593	0.44183539001329486
546.934	0.44183497054472415
547.274	0.4418372356750063
547.615	0.44183752930300585
547.955	0.44183627089729355
548.296	0.44183832629329034
548.636	0.44183803266529076
548.977	0.44183677425957846
549.317	0.44183954275214554
549.657	0.44184147230757115
549.997	0.44184294044756883
550.338	0.4418410528390004
550.678	0.44183992027385927
551.018	0.4418379487715766
551.358	0.4418397105395739
551.698	0.4418384940807186
552.038	0.44183614505672225
552.378	0.4418345930230104
552.718	0.4418379907184337
553.058	0.4418389554961465
553.398	0.44184201761671316
553.737	0.44184088505157204
554.077	0.44184147230757115
554.417	0.44184122062642867
554.756	0.44184226929785564
555.096	0.441839207177289
555.435	0.44183954275214554
555.775	0.4418366903658643
556.114	0.4418371098344351
556.454	0.4418345930230104
556.793	0.44183555780072326
557.133	0.44183543196015196
557.472	0.44183484470415285
557.811	0.4418339218732972
558.15	0.44183518027900953
558.489	0.4418345091292963
558.829	0.44183606116300816
559.168	0.44183518027900953
559.507	0.44183463496986747
559.846	0.44183677425957846
560.184	0.4418366484190072
560.523	0.44183685815329266
560.862	0.44183912328357483
561.201	0.44184000416757346
561.54	0.44184126257328576
561.878	0.4418410108921433
562.217	0.4418398783270022
562.556	0.44183903938986063
562.894	0.44184260487271226
563.233	0.44184260487271226
563.571	0.44184256292585516
563.91	0.4418413464669999
564.248	0.44184130452014286
564.586	0.44184168204185653
564.925	0.44184260487271226
565.263	0.44183648063157893
565.601	0.44183425744815374
565.939	0.4418325795738707
566.277	0.44183299904244144
566.616	0.44183383797958303
566.954	0.44183333461729807
567.292	0.44183509638529533
567.63	0.4418411367327145
567.967	0.44184260487271226
568.305	0.44184218540414144
568.643	0.4418405914235725
568.981	0.44183958469900264
569.319	0.4418404655830013
569.656	0.44183941691157436
569.994	0.44183622895043645
570.331	0.44183434134186794
570.669	0.44183484470415285
571.006	0.4418361031098652
571.344	0.44183471886358167
571.681	0.44183253762701363
572.019	0.4418314050618725
572.356	0.44183274736129896
572.693	0.44183497054472415
573.03	0.4418353061195808
573.368	0.44183434134186794
573.705	0.44183555780072326
574.042	0.44183731956872047
574.379	0.44183564169443734
574.716	0.4418332087767269
575.053	0.44183169868987204
575.39	0.44183081780587347
575.727	0.44183094364644465
576.063	0.44183085975273056
576.4	0.44183299904244144
576.737	0.4418340057670114
577.074	0.4418345510761533
577.41	0.4418358094818657
577.747	0.44183643868472183
578.083	0.4418353480664378
578.42	0.4418345091292963
578.756	0.4418326634675849
579.093	0.44183509638529533
579.429	0.44183547390700906
579.766	0.4418344671824392
580.102	0.4418359353224369
580.438	0.44183690010014964
580.774	0.44183778098414833
581.11	0.44183727762186337
581.446	0.44183601921615107
581.782	0.44183413160758256
582.119	0.44183413160758256
582.454	0.4418332507235839
582.79	0.44183346045786936
583.126	0.44183425744815374
583.462	0.44183539001329486
583.798	0.44183304098929854
584.134	0.441833292670441
584.469	0.4418339218732972
584.805	0.44183283125501316
585.141	0.4418348027572958
585.476	0.44183488665100995
585.812	0.44183367019215475
586.147	0.44183488665100995
586.482	0.4418366903658643
586.818	0.44183518027900953
587.153	0.4418378648778625
587.488	0.44183627089729355
587.824	0.4418353480664378
588.159	0.4418348027572958
588.494	0.44183518027900953
588.829	0.4418340057670114
589.164	0.4418361031098652
589.499	0.4418348027572958
589.834	0.44183362824529765
590.169	0.44183287320187026
590.504	0.44183287320187026
590.839	0.44183174063672914
591.174	0.4418313631150155
591.508	0.44183014665616016
591.843	0.44183090169958755
592.178	0.44183304098929854
592.512	0.4418325795738707
592.847	0.44183123727444423
593.181	0.44183178258358624
593.516	0.44183174063672914
593.85	0.4418325795738707
594.185	0.44183035639044554
594.519	0.44182809126016337
594.853	0.44182813320702047
595.187	0.44183165674301494
595.522	0.441833292670441
595.856	0.4418345091292963
596.19	0.44183362824529765
596.524	0.44183513833215243
596.858	0.44183698399386384
597.192	0.44183857797443277
597.526	0.44183635479100763
597.86	0.4418366484190072
598.194	0.4418378648778625
598.527	0.44183698399386384
598.861	0.4418338799264401
599.195	0.44183492859786705
599.528	0.44183236983958535
599.862	0.44183157284930086
600.196	0.44183044028415974
600.529	0.44182913993159034
600.863	0.4418299788687319
601.196	0.44183362824529765
601.529	0.44183165674301494
601.863	0.44183434134186794
602.196	0.44183476081043876
602.529	0.44183379603272593
602.862	0.4418352641727237
603.196	0.44183572558815154
603.529	0.44183471886358167
603.862	0.44183295709558434
604.195	0.44183278930815606
604.528	0.4418345510761533
604.861	0.44183639673786473
605.193	0.44183547390700906
605.526	0.44183509638529533
605.859	0.4418326634675849
606.192	0.44183408966072546
606.524	0.44183358629844055
606.857	0.44183283125501316
607.19	0.44183287320187026
607.522	0.44183039833730264
607.855	0.44183148895558666
608.187	0.4418325795738707
608.52	0.4418338799264401
608.852	0.44183434134186794
609.184	0.44183434134186794
609.517	0.4418338799264401
609.849	0.44183555780072326
610.181	0.44183497054472415
610.513	0.44183807461214786
610.845	0.4418359353224369
611.177	0.44183702594072094
611.509	0.44183547390700906
611.841	0.44183518027900953
612.173	0.44183337656415517
612.505	0.44183362824529765
612.837	0.4418319503710145
613.169	0.4418310694870159
613.5	0.44183178258358624
613.832	0.44183358629844055
614.164	0.4418332087767269
614.495	0.44183627089729355
614.827	0.44183467691672457
615.158	0.44183362824529765
615.49	0.4418371937281492
615.821	0.44183555780072326
616.152	0.44183597726929397
616.484	0.44183597726929397
616.815	0.4418337121390118
617.146	0.4418353061195808
617.477	0.44183740346243466
617.808	0.44183698399386384
618.14	0.44183614505672225
618.471	0.44183287320187026
618.802	0.44183383797958303
619.133	0.4418339638201543
619.463	0.44183232789272825
619.794	0.4418306500184451
620.125	0.44183023054987436
620.456	0.4418301047093031
620.787	0.44183224399901405
621.117	0.44183278930815606
621.448	0.44183442523558214
621.778	0.44183559974758024
622.109	0.44183425744815374
622.439	0.4418325795738707
622.77	0.4418318664773004
623.1	0.4418337121390118
623.43	0.44183245373329944
623.761	0.44183467691672457
624.091	0.4418357675350086
624.421	0.44183601921615107
624.751	0.44183748735614875
625.081	0.44183882965557525
625.412	0.44183601921615107
625.742	0.44183564169443734
626.072	0.4418326634675849
626.401	0.4418312792213013
626.731	0.44183291514872736
627.061	0.4418327054144419
627.391	0.44183169868987204
627.721	0.4418339218732972
628.05	0.4418332087767269
628.38	0.44183367019215475
628.71	0.44183685815329266
629.039	0.44183736151557756
629.369	0.44183870381500406
629.698	0.4418371937281492
630.028	0.4418366903658643
630.357	0.44183820045271904
630.686	0.44183740346243466
631.015	0.44183539001329486
631.345	0.44183564169443734
631.674	0.44183287320187026
632.003	0.4418353061195808
632.332	0.44183727762186337
632.661	0.441837067887578
632.99	0.44183727762186337
633.319	0.44183417355443966
633.648	0.44183077585901637
633.977	0.4418326215207278
634.306	0.4418301047093031
634.634	0.44183014665616016
634.963	0.44183039833730264
635.292	0.44183073391215927
635.62	0.44183346045786936
635.949	0.4418372356750063
636.277	0.44183429939501084
636.606	0.441836522578436
636.934	0.44183216010529996
637.263	0.44183178258358624
637.591	0.4418319923178716
637.919	0.4418332507235839
638.248	0.44183169868987204
638.576	0.44183476081043876
638.904	0.44183476081043876
639.232	0.44183698399386384
639.56	0.44183757124986295
639.888	0.4418376551435771
640.216	0.4418371517812921
640.544	0.4418358514287227
640.872	0.44183471886358167
641.2	0.44183543196015196
641.528	0.4418365645252931
641.855	0.44183572558815154
642.183	0.44183564169443734
642.511	0.44183937496471726
642.838	0.44184147230757115
643.166	0.4418398363801451
643.493	0.44183769709043413
643.821	0.44183622895043645
644.148	0.4418345091292963
644.475	0.44183174063672914
644.803	0.4418246935647401
645.13	0.4418221767533155
645.457	0.4418252808207392
645.784	0.44182620365159486
646.112	0.44182368684017026
646.439	0.44182758789787846
646.766	0.44183090169958755
647.093	0.4418318664773004
647.42	0.44183291514872736
647.746	0.4418324117864424
648.073	0.44183413160758256
648.4	0.44183597726929397
648.727	0.44183211815844287
649.053	0.44183245373329944
649.38	0.4418339638201543
649.707	0.44183421550129676
650.033	0.44183283125501316
650.36	0.44183253762701363
650.686	0.44183354435158345
651.013	0.4418332087767269
651.339	0.44183178258358624
651.665	0.44183165674301494
651.992	0.4418305241778739
652.318	0.44183081780587347
652.644	0.44183077585901637
652.97	0.4418280493133063
653.296	0.44182825904759165
653.622	0.4418279234727351
653.948	0.4418260778110237
654.274	0.44182674896073687
654.6	0.4418287624098767
654.926	0.44182968524073235
655.252	0.44183379603272593
655.578	0.441836522578436
655.903	0.44183476081043876
656.229	0.4418345091292963
656.555	0.4418327054144419
656.88	0.44183073391215927
657.206	0.44182851072873414
657.531	0.4418266231201657
657.857	0.44182335126531364
658.182	0.44182620365159486
658.507	0.44182880435673366
658.833	0.44183211815844287
659.158	0.4418306500184451
659.483	0.4418313211681584
659.808	0.44183077585901637
660.133	0.44183165674301494
660.458	0.4418298110813036
660.783	0.4418287624098767
661.108	0.4418274620573073
661.433	0.4418274620573073
661.758	0.44182653922645154
662.083	0.4418253227675963
662.408	0.44182595197045244
662.732	0.44182729426987893
663.057	0.44182767179159266
663.382	0.4418258261298812
663.706	0.44182813320702047
664.031	0.4418287204630196
664.355	0.44183115338073004
664.68	0.44182964329387525
665.004	0.44182834294130585
665.328	0.44182691674816527
665.653	0.44182809126016337
665.977	0.44182813320702047
666.301	0.4418267070138798
666.625	0.44182779763216384
666.949	0.44182851072873414
667.273	0.4418310694870159
667.597	0.44183115338073004
667.921	0.44183253762701363
668.245	0.4418339218732972
668.569	0.44183421550129676
668.893	0.44183178258358624
669.217	0.44183207621158577
669.54	0.4418306500184451
669.864	0.44183178258358624
670.188	0.44183039833730264
670.511	0.44182767179159266
670.835	0.4418271684293077
671.158	0.44182704258873645
671.482	0.44182679090759397
671.805	0.4418261197578808
672.128	0.44182700064187935
672.452	0.4418312792213013
672.775	0.44183253762701363
673.098	0.4418331668298698
673.421	0.44183467691672457
673.744	0.44183677425957846
674.068	0.44183627089729355
674.391	0.44183559974758024
674.714	0.4418331668298698
675.036	0.44183341851101227
675.359	0.44183358629844055
675.682	0.44183425744815374
676.005	0.44183299904244144
676.328	0.4418331668298698
676.65	0.44183094364644465
676.973	0.4418300627624461
677.295	0.44182838488816295
677.618	0.44182960134701815
677.94	0.44182884630359076
678.263	0.441830020815589
678.585	0.44182913993159034
678.908	0.4418300627624461
679.23	0.44183178258358624
679.552	0.44183236983958535
679.874	0.4418313631150155
680.196	0.44183027249673146
680.519	0.44182905603787614
680.841	0.44183161479615796
681.163	0.44183274736129896
681.485	0.4418306500184451
681.807	0.44183115338073004
682.128	0.44183048223101684
682.45	0.4418312792213013
682.772	0.4418327054144419
683.094	0.44183144700872956
683.415	0.44183346045786936
683.737	0.44183425744815374
684.059	0.4418344671824392
684.38	0.44183643868472183
684.702	0.44183551585386616
685.023	0.4418339638201543
685.344	0.44183518027900953
685.666	0.44183346045786936
685.987	0.44183253762701363
686.308	0.44183228594587115
686.629	0.44183148895558666
686.95	0.4418324117864424
687.272	0.44183228594587115
687.593	0.44183048223101684
687.914	0.44182817515387757
688.235	0.4418287624098767
688.555	0.4418301047093031
688.876	0.441830608071588
689.197	0.4418300627624461
689.518	0.44183085975273056
689.839	0.44183299904244144
690.159	0.4418299369218748
690.48	0.4418293077190186
690.8	0.44182972718758945
691.121	0.44183090169958755
691.441	0.44183102754015885
691.762	0.44183023054987436
692.082	0.4418290140910191
692.402	0.44183434134186794
692.723	0.4418337121390118
693.043	0.44183299904244144
693.363	0.44183308293615564
693.683	0.4418313211681584
694.003	0.44183102754015885
694.323	0.4418300627624461
694.643	0.44183174063672914
694.963	0.44183367019215475
695.283	0.4418312792213013
695.603	0.44182813320702047
695.923	0.44182960134701815
696.243	0.44183115338073004
696.562	0.4418301047093031
696.882	0.44182842683502005
697.202	0.4418271264824506
697.521	0.44183027249673146
697.841	0.4418339638201543
698.16	0.44183434134186794
698.479	0.4418326215207278
698.799	0.4418331668298698
699.118	0.44183220205215695
699.437	0.44183362824529765
699.757	0.44183085975273056
700.076	0.44182813320702047
700.395	0.44182851072873414
700.714	0.44182825904759165
701.033	0.44183085975273056
701.352	0.44183069196530217
701.671	0.44183039833730264
701.99	0.4418310694870159
702.308	0.44183304098929854
702.627	0.44183216010529996
702.946	0.4418345091292963
703.265	0.44183299904244144
703.583	0.44183543196015196
703.902	0.44183518027900953
704.22	0.4418358933755798
704.539	0.44183354435158345
704.857	0.44183253762701363
705.176	0.4418312792213013
705.494	0.44183203426472867
705.812	0.44182905603787614
706.131	0.44182842683502005
706.449	0.44182813320702047
706.767	0.44183035639044554
707.085	0.44183358629844055
707.403	0.44183383797958303
707.721	0.44183346045786936
708.039	0.44183429939501084
708.357	0.44183551585386616
708.675	0.44183497054472415
708.993	0.44183350240472635
709.31	0.4418324117864424
709.628	0.4418319923178716
709.946	0.44183299904244144
710.263	0.44183287320187026
710.581	0.44183169868987204
710.898	0.44183207621158577
711.216	0.44183157284930086
711.533	0.44183174063672914
711.851	0.44183287320187026
712.168	0.44183287320187026
712.485	0.4418332087767269
712.802	0.44183429939501084
713.12	0.4418345091292963
713.437	0.44183358629844055
713.754	0.4418326215207278
714.071	0.44183098559330175
714.388	0.44183115338073004
714.705	0.44183178258358624
715.022	0.44183157284930086
715.338	0.44183069196530217
715.655	0.4418318664773004
715.972	0.44182943355958987
716.289	0.44183035639044554
716.605	0.44182750400416426
716.922	0.44182775568530674
717.238	0.4418299788687319
717.555	0.44183148895558666
717.871	0.4418313631150155
718.188	0.44183467691672457
718.504	0.44183413160758256
718.82	0.44183551585386616
719.136	0.44183278930815606
719.453	0.44183165674301494
719.769	0.4418286365693054
720.085	0.44182809126016337
720.401	0.4418267070138798
720.717	0.44182897214416206
721.033	0.44182834294130585
721.349	0.44183014665616016
721.665	0.4418303144435885
721.98	0.44183467691672457
722.296	0.4418357675350086
722.612	0.4418379068247196
722.927	0.4418358094818657
723.243	0.4418365645252931
723.559	0.4418379907184337
723.874	0.44183681620643556
724.19	0.44183253762701363
724.505	0.44183304098929854
724.82	0.4418303144435885
725.136	0.4418313631150155
725.451	0.44182964329387525
725.766	0.44182729426987893
726.081	0.44182368684017026
726.396	0.44182515498016794
726.711	0.4418233932121707
727.026	0.4418245257773118
727.341	0.44182515498016794
727.656	0.44182691674816527
727.971	0.44182725232302184
728.286	0.4418299369218748
728.601	0.44182897214416206
728.916	0.441830020815589
729.23	0.4418299369218748
729.545	0.44182695869502225
729.859	0.44182695869502225
730.174	0.4418277137384497
730.488	0.44182620365159486
730.803	0.4418287624098767
731.117	0.44183014665616016
731.431	0.44183102754015885
731.746	0.44183413160758256
732.06	0.44183346045786936
732.374	0.44183337656415517
732.688	0.44183618700357935
733.002	0.44183547390700906
733.316	0.44183471886358167
733.63	0.4418345091292963
733.944	0.44183379603272593
734.258	0.44183497054472415
734.572	0.4418344671824392
734.886	0.44183253762701363
735.199	0.44183102754015885
735.513	0.4418319503710145
735.827	0.4418326215207278
736.14	0.44183274736129896
736.454	0.4418332507235839
736.767	0.44183274736129896
737.081	0.44183253762701363
737.394	0.4418345091292963
737.708	0.44183148895558666
738.021	0.441831111433873
738.334	0.44183048223101684
738.647	0.4418293496658757
738.96	0.44182968524073235
739.273	0.44183157284930086
739.587	0.441830608071588
739.9	0.44182947550644697
740.212	0.44182762984473556
740.525	0.44182725232302184
740.838	0.44182725232302184
741.151	0.44182943355958987
741.464	0.4418284687818771
741.776	0.4418273781635931
742.089	0.44183069196530217
742.402	0.44182968524073235
742.714	0.44183094364644465
743.027	0.44183211815844287
743.339	0.44182947550644697
743.651	0.44183169868987204
743.964	0.44183358629844055
744.276	0.441833292670441
744.588	0.4418344671824392
744.901	0.4418332507235839
745.213	0.44183253762701363
745.525	0.44183203426472867
745.837	0.4418280073664492
746.149	0.4418271684293077
746.461	0.44182674896073687
746.773	0.4418287624098767
747.085	0.4418297691344465
747.396	0.44182943355958987
747.708	0.4418319084241575
748.02	0.44183417355443966
748.331	0.4418340477138684
748.643	0.4418358933755798
748.955	0.4418348027572958
749.266	0.44183476081043876
749.577	0.44183622895043645
749.889	0.44183518027900953
750.2	0.4418359353224369
750.512	0.44183807461214786
750.823	0.44183690010014964
751.134	0.44183648063157893
751.445	0.4418376551435771
751.756	0.44183757124986295
752.067	0.44183547390700906
752.378	0.4418358933755798
752.689	0.44183648063157893
753.0	0.44183618700357935
753.311	0.441837067887578
753.622	0.44183547390700906
753.932	0.441836522578436
754.243	0.44183866186814696
754.554	0.4418358933755798
754.864	0.44183337656415517
755.175	0.4418345930230104
755.485	0.44183492859786705
755.796	0.44183283125501316
756.106	0.441831111433873
756.417	0.44183102754015885
756.727	0.4418332087767269
757.037	0.44183497054472415
757.347	0.44183304098929854
757.658	0.44183295709558434
757.968	0.44183463496986747
758.278	0.44183417355443966
758.588	0.44183555780072326
758.898	0.44183337656415517
759.208	0.4418319084241575
759.517	0.4418339638201543
759.827	0.44183308293615564
760.137	0.4418332087767269
760.447	0.44183408966072546
760.756	0.44183253762701363
761.066	0.4418337121390118
761.375	0.4418319923178716
761.685	0.44182951745330407
761.994	0.44182947550644697
762.304	0.44183081780587347
762.613	0.44182834294130585
762.922	0.44182721037616474
763.232	0.44182679090759397
763.541	0.44182683285445107
763.85	0.4418271684293077
764.159	0.44182578418302415
764.468	0.4418260778110237
764.777	0.4418259939173095
765.086	0.4418265811733086
765.395	0.4418273781635931
765.704	0.44182683285445107
766.013	0.4418265811733086
766.321	0.44182574223616705
766.63	0.44182288984988577
766.939	0.441824106308741
767.247	0.44182460967102594
767.556	0.4418216733910305
767.864	0.44182288984988577
768.173	0.44182284790302867
768.481	0.44182444188359765
768.789	0.44182544860816747
769.098	0.44182691674816527
769.406	0.4418273781635931
769.714	0.4418297691344465
770.022	0.44182985302816064
770.33	0.44183165674301494
770.638	0.4418319923178716
770.946	0.44183165674301494
771.254	0.44182955940016105
771.562	0.44182951745330407
771.87	0.44182913993159034
772.178	0.4418299369218748
772.486	0.4418292238253045
772.793	0.44183014665616016
773.101	0.44183048223101684
773.408	0.44183023054987436
773.716	0.44183094364644465
774.023	0.4418310694870159
774.331	0.44183098559330175
774.638	0.4418306500184451
774.946	0.44182951745330407
775.253	0.44182809126016337
775.56	0.44183044028415974
775.867	0.4418298110813036
776.174	0.44183035639044554
776.481	0.441830020815589
776.788	0.44183077585901637
777.095	0.44183408966072546
777.402	0.44183681620643556
777.709	0.44183463496986747
778.016	0.4418350124915812
778.323	0.4418326215207278
778.63	0.4418337121390118
778.936	0.4418337121390118
779.243	0.44182951745330407
779.549	0.4418266231201657
779.856	0.44182704258873645
780.162	0.44182645533273734
780.469	0.44182834294130585
780.775	0.44182649727959444
781.082	0.44182570028930995
781.388	0.44182624559845196
781.694	0.4418280493133063
782.0	0.44182704258873645
782.306	0.44182674896073687
782.612	0.44182947550644697
782.918	0.44183287320187026
783.224	0.44183102754015885
783.53	0.4418301047093031
783.836	0.44183178258358624
784.142	0.44183543196015196
784.448	0.44183425744815374
784.753	0.4418319923178716
785.059	0.44182985302816064
785.365	0.4418340057670114
785.67	0.44183744540929165
785.976	0.4418376551435771
786.281	0.44183597726929397
786.586	0.4418365645252931
786.892	0.44183606116300816
787.197	0.44183543196015196
787.502	0.44183337656415517
787.808	0.44183035639044554
788.113	0.44182641338588025
788.418	0.44182834294130585
788.723	0.44182897214416206
789.028	0.44182964329387525
789.333	0.4418326634675849
789.638	0.44183337656415517
789.942	0.441837067887578
790.247	0.4418392910710031
790.552	0.4418371517812921
790.857	0.44183937496471726
791.161	0.44183941691157436
791.466	0.44183622895043645
791.77	0.44183635479100763
792.075	0.4418348027572958
792.379	0.44183757124986295
792.684	0.44183878770871815
792.988	0.4418353480664378
793.292	0.44183497054472415
793.597	0.44183547390700906
793.901	0.44183488665100995
794.205	0.4418345091292963
794.509	0.44183224399901405
794.813	0.4418290140910191
795.117	0.44183023054987436
795.421	0.44183216010529996
795.725	0.44183283125501316
796.029	0.44183211815844287
796.332	0.44183148895558666
796.636	0.4418291818784474
796.94	0.44183077585901637
797.243	0.44183102754015885
797.547	0.44183069196530217
797.85	0.44182884630359076
798.154	0.4418314050618725
798.457	0.44182913993159034
798.761	0.44182964329387525
799.064	0.44182968524073235
799.367	0.44182964329387525
799.67	0.44182960134701815
799.973	0.44182968524073235
800.277	0.44182645533273734
800.58	0.44182817515387757
800.883	0.44182813320702047
801.186	0.44182905603787614
801.488	0.44182964329387525
801.791	0.44182729426987893
802.094	0.44182851072873414
802.397	0.44182909798473324
802.699	0.44182754595102136
803.002	0.44183115338073004
803.305	0.44182939161273277
803.607	0.4418299788687319
803.91	0.44183069196530217
804.212	0.44182939161273277
804.515	0.44183169868987204
804.817	0.44183551585386616
805.119	0.44183148895558666
805.421	0.441831111433873
805.724	0.44182834294130585
806.026	0.4418305241778739
806.328	0.44183295709558434
806.63	0.44183094364644465
806.932	0.44183044028415974
807.234	0.44183174063672914
807.535	0.4418331668298698
807.837	0.44183572558815154
808.139	0.4418352222258666
808.441	0.4418352641727237
808.742	0.44183559974758024
809.044	0.44183463496986747
809.346	0.44183539001329486
809.647	0.4418359353224369
809.948	0.44183518027900953
810.25	0.4418340057670114
810.551	0.4418345930230104
810.853	0.4418325795738707
811.154	0.44183429939501084
811.455	0.4418339218732972
811.756	0.4418345091292963
812.057	0.4418339638201543
812.358	0.44183463496986747
812.659	0.4418331668298698
812.96	0.4418359353224369
813.261	0.44183614505672225
813.562	0.44183551585386616
813.863	0.4418324117864424
814.163	0.44183379603272593
814.464	0.44183232789272825
814.765	0.44183287320187026
815.065	0.4418319923178716
815.366	0.44182951745330407
815.666	0.44182972718758945
815.967	0.44183278930815606
816.267	0.4418332507235839
816.567	0.4418332087767269
816.868	0.4418310694870159
817.168	0.441831111433873
817.468	0.44183148895558666
817.768	0.4418326215207278
818.068	0.4418312792213013
818.368	0.4418287624098767
818.668	0.4418299788687319
818.968	0.44183123727444423
819.268	0.44159604124681007
819.568	0.44120245388685086
819.867	0.44086503336851857
820.167	0.4401273559399517
820.467	0.4393717252565557
820.766	0.4380488052780421
821.066	0.4360248274771904
821.365	0.43421540785029067
821.665	0.4319371901486916
821.964	0.4292745295019762
822.263	0.42727660069936974
822.563	0.4240479511101062
822.862	0.42102026891310146
823.161	0.4184904120158938
823.46	0.41572380705734013
823.759	0.41334684645418035
824.058	0.410796100022148
824.357	0.40767017828586755
824.656	0.40470621336476376
824.955	0.40183847453379595
825.254	0.3983645197243426
825.552	0.39539375941239213
825.851	0.39236435739424724
826.15	0.38885575448084775
826.448	0.3846224357177184
826.747	0.38118979856248647
827.045	0.3780540612616498
827.344	0.37536128277155273
827.642	0.371751504038882
827.941	0.3673757756959742
828.239	0.3629026048040751
828.537	0.35847838589438563
828.835	0.35395911540655817
829.133	0.3494396351844454
829.432	0.3451123974083193
829.73	0.34057177597023935
830.028	0.33672743041279074
830.325	0.3333081323581094
830.623	0.3306867893656155
830.921	0.32814531318899737
831.219	0.3254062673155437
831.517	0.3225054743611987
831.814	0.32017717211224894
832.112	0.31748011504272994
832.409	0.31520986724397565
832.707	0.31294519837721263
833.004	0.31049109750388715
833.302	0.3080082630334635
833.599	0.3057183841055968
833.896	0.3031607164421467
834.194	0.30087650033998553
834.491	0.29871959294905487
834.788	0.2962865493979824
835.085	0.29411999422992385
835.382	0.29228549038249174
835.679	0.2904516576847728
835.976	0.28887579815808123
836.273	0.2880030518497245
836.57	0.28714557419734404
836.866	0.2863102444855005
837.163	0.28572747680012134
837.46	0.2849488172921896
837.756	0.28423693718072557
838.053	0.2846213381789848
838.349	0.284378801451362
838.646	0.2842829528829397
838.942	0.2841335381780292
839.239	0.28420644181563015
839.535	0.28365517621991626
839.831	0.2833608770706597
840.127	0.28196685716939957
840.423	0.2811712930780656
840.72	0.27995063953710725
841.016	0.279145721296645
841.312	0.2782805254225622
841.607	0.27813559903135904
841.903	0.2772633141384302
842.199	0.277171869990001
842.495	0.27630008845935705
842.791	0.27587474732859013
843.086	0.27580549306755503
843.382	0.27531052015403923
843.677	0.2739592860469982
843.973	0.2732395199264035
844.268	0.2720782211882099
844.564	0.27158194792212476
844.859	0.27118492091988516
845.154	0.2704527385295955
845.45	0.27001204484913816
845.745	0.2701575165494833
846.04	0.27025340706476275
846.335	0.269808183123741
846.63	0.2690577119037655
846.925	0.26857570056908664
847.22	0.26793261330322987
847.515	0.2664110330095967
847.81	0.26567847309759335
848.104	0.2648425980766078
848.399	0.2642769447089163
848.694	0.2635962311122608
848.988	0.26152393053205575
849.283	0.2602970688562498
849.578	0.25973451955598204
849.872	0.2575732916387724
850.166	0.25581106222608496
850.461	0.25359639401295847
850.755	0.2516812263593661
851.049	0.2507043260048857
851.343	0.24823378196358575
851.638	0.24591714094090358
851.932	0.24591957385861407
852.226	0.242464704869131
852.52	0.24056405082808746
852.814	0.238511003855281
853.107	0.23475243962055603
853.401	0.2328424733772413
853.695	0.22976999193687767
853.989	0.22377477933591752
854.282	0.22201645098093833
854.576	0.2178576298359788
854.869	0.2122394775332893
855.163	0.20993961525343816
855.456	0.204182199385251
855.75	0.19864441726072218
856.043	0.1953605656075445
856.336	0.1913075763829918
856.63	0.18614396022359525
856.923	0.18214655058467039
857.216	0.1749665490055532
857.509	0.1704817168873865
857.802	0.16711321647662622
858.095	0.16153898253329696
858.388	0.1555979652716811
858.681	0.1527603862309521
858.974	0.14898613387168008
859.266	0.1469987337302001
859.559	0.14414420815921172
859.852	0.13809085721434206
860.144	0.13269275812388165
860.437	0.12714125937708845
860.729	0.12130443810845337
861.022	0.12050753171769296
861.314	0.11446584199909082
861.606	0.10744653882943796
861.899	0.10658755109020268
862.191	0.10378420068484902
862.483	0.10099754512861224
862.775	0.10013352376652766
863.067	0.09663033199769118
863.359	0.09354518260649013
863.651	0.09052488305633108
863.943	0.08776993932404498
864.235	0.0828729373882337
864.527	0.08251735388078682
864.819	0.07795785635702199
865.11	0.07256063815056024
865.402	0.0740951800230304
865.693	0.07342012925208044
865.985	0.07063288643984458
866.276	0.07220622915511153
866.568	0.07029068397980544
866.859	0.07113343828535168
867.151	0.0709168247154029
867.442	0.06723833703083909
867.733	0.06848894062775092
868.024	0.06873223239880105
868.315	0.06883126892836129
868.606	0.06823281311843504
868.897	0.07005439733388727
869.188	0.07092869567595587
869.479	0.07292079386542859
869.77	0.07434384099178647
870.061	0.07789632031768913
870.351	0.07943686059072139
870.642	0.08014001575591334
870.933	0.08029169559110598
871.223	0.08181717694244738
871.514	0.08268908431366255
871.804	0.0824119414289508
872.095	0.07959722342532909
872.385	0.07908085761470374
872.675	0.07985884597292213
