Wavelength	Normalized Intensity
179.611	0.037774570991527236
179.992	0.041764388249321056
180.373	0.045388680594540605
180.754	0.043099514763244265
181.134	0.03567823486221666
181.515	0.010342207346769801
181.896	0.05011432961918984
182.276	0.0837648534102749
182.657	0.04768153774925977
183.038	0.01771860411072436
183.418	0.025710906577149452
183.799	0.9010806133223659
184.179	-0.21714608529937135
184.56	-0.5533415037238468
184.94	0.06818759440650539
185.32	0.1059655630934559
185.701	0.04529564246554246
186.081	-0.04898335845866335
186.461	-0.19469864420285987
186.842	0.0008044987718914564
187.222	0.0035238296225186703
187.602	0.0028720174103897093
187.982	0.002468656432731425
188.362	0.0028088034967737536
188.742	0.0033218135588329073
189.122	0.0034224021221050125
189.502	0.003319380641122406
189.882	0.0031624993956521495
190.262	0.003131123146558098
190.642	0.0032423242646708386
191.022	0.0032299079949758666
191.402	0.003175964336774062
191.781	0.0035132170676780354
192.161	0.003504114599692194
192.541	0.003550759504762495
192.92	0.003599124230972978
193.3	0.0035962718446917005
193.68	0.0037613327272920907
194.059	0.003517453700242874
194.439	0.003227726758407831
194.818	0.003103606008315187
195.198	0.0030512982775394086
195.577	0.0030799899277804935
195.957	0.0032037331561594385
196.336	0.003230746932117419
196.715	0.0033612016576287816
197.094	0.0035375042979259707
197.474	0.003890025684806194
197.853	0.004101060322763643
198.232	0.0037910730489601153
198.611	0.0037159042810770405
198.99	0.003490607711713204
199.369	0.003636834455485748
199.748	0.0033959756021461193
200.127	0.0031311650934151758
200.506	0.0030778086912124575
200.885	0.003215604116712402
201.264	0.0030405598821275407
201.643	0.00293305008743763
202.022	0.0029017996789148116
202.401	0.0029966834696243624
202.779	0.003252517350940698
203.158	0.0032738263543361226
203.537	0.0035406503122067915
203.915	0.0037961905655235833
204.294	0.003865486773415793
204.673	0.003813388776925403
205.051	0.0036017668829688675
205.43	0.0036467339137560635
205.808	0.003615861026946944
206.187	0.0033354462873831296
206.565	0.0034213115038209947
206.943	0.0034442983814995244
207.322	0.003299120309153921
207.7	0.0035048276962625136
208.078	0.0032002096201649197
208.456	0.003489139571715488
208.835	0.0037552084861587594
209.213	0.003507596188829636
209.591	0.0035153563573889933
209.969	0.003654410188601266
210.347	0.003486454972862521
210.725	0.0035447611042003974
211.103	0.0032524334572265425
211.481	0.0030869111591982985
211.859	0.0030411051912695502
212.237	0.002985357818213408
212.614	0.002844793900146341
212.992	0.0031233210311416627
213.37	0.0029894686102070137
213.748	0.002905616842908874
214.125	0.003079486565495562
214.503	0.0029227311605965383
214.881	0.0031184132488635825
215.258	0.003258473804645718
215.636	0.003117196790008332
216.013	0.003316234626841585
216.391	0.0032308727726886514
216.768	0.0031574238259457587
217.145	0.003213758455000987
217.523	0.0031276415574206565
217.9	0.0030991176946078827
218.277	0.0031596889562279496
218.655	0.003274958919477218
219.032	0.003723119140494389
219.409	0.0035414892493483437
219.786	0.00379589693752404
220.163	0.0038034473717980096
220.54	0.00386045315056648
220.917	0.0036864995342656367
221.294	0.0036318008326364348
221.671	0.003013881681026182
222.048	0.002950751661124381
222.425	0.0027953805025089182
222.802	0.0028662287441129997
223.179	0.0029067494080499694
223.556	0.0027374099460276634
223.932	0.00282008720132763
224.309	0.003020425390730289
224.686	0.0029898041850636345
225.062	0.003203397581302818
225.439	0.002909308166331704
225.815	0.002748316128867842
226.192	0.0030053245221823496
226.568	0.0028566648606993044
226.945	0.0029736965919458327
227.321	0.003020802912443987
227.698	0.002663205955857374
228.074	0.0027894659956609756
228.45	0.0025945808976784055
228.827	0.002566140928579787
229.203	0.002496257464688491
229.579	0.0024091757893953754
229.955	0.0026198748524962037
230.331	0.0026919395529555355
230.707	0.0025783474639893716
231.083	0.002773442296257329
231.46	0.002828140997886531
231.835	0.003018789463304262
232.211	0.0030857366472001255
232.587	0.002789424048803898
232.963	0.002885272617226234
233.339	0.00290708498290659
233.715	0.0029583859891125055
234.091	0.0028974791526358177
234.466	0.0027229382803358885
234.842	0.0027124935129235637
235.218	0.003044628727264069
235.593	0.003115351128296917
235.969	0.0031929108670334157
236.344	0.00293690919828877
236.72	0.0029271775274467646
237.095	0.002889131728077374
237.471	0.002883426955514819
237.846	0.0025692030491464525
238.222	0.002476332707576627
238.597	0.002446214864194904
238.972	0.00244751521676431
239.348	0.002543741306900344
239.723	0.0026555296810121714
240.098	0.0027867813968080087
240.473	0.002974158007373687
240.848	0.003032631926139873
241.223	0.0030463904952613284
241.598	0.0034347764449429072
241.973	0.003479827369444259
242.348	0.0035082673385428776
242.723	0.0031482374642457624
243.098	0.002910398784615721
243.473	0.0028174445493317404
243.848	0.0028550708801303557
244.223	0.0024004927899803105
244.597	0.0022285526228191925
244.972	0.002166806849200953
245.347	0.0024695373167300545
245.721	0.0026726439986998357
246.096	0.0025170631057989854
246.47	0.002581032062842338
246.845	0.0028362367413025096
247.219	0.002951716438837166
247.594	0.0027011678615126095
247.968	0.002401918983120949
248.343	0.002409763045394462
248.717	0.0024565757378930734
249.091	0.0023254918095255467
249.466	0.0020969653321667343
249.84	0.0019781718329229467
250.214	0.002125195566979965
250.588	0.0022728904507502254
250.962	0.0021604309269251565
251.336	0.0024077915431118145
251.71	0.0023999894276953795
252.084	0.0026679040038500657
252.458	0.0025806964879857178
252.832	0.0027817058271016183
253.206	0.002975206678800627
253.58	0.0030724394935065236
253.954	0.0029239895663088667
254.328	0.0027364451683148786
254.702	0.0025873660382610573
255.075	0.0027551954134285694
255.449	0.0025432379446154126
255.823	0.0024449145116254983
256.196	0.002280944247309126
256.57	0.0021775032977557427
256.943	0.002467649708161562
257.317	0.002505821348102186
257.69	0.002402799867119579
258.064	0.0025512497943172363
258.437	0.002443110796771161
258.81	0.0027991137727888258
259.184	0.0030000811650476487
259.557	0.003068496488941228
259.93	0.002900499326345406
260.303	0.0029077561326198323
260.677	0.0026959245043779085
261.05	0.002713038822065573
261.423	0.0025118197486642835
261.796	0.002481576064711328
262.169	0.002217352811979471
262.542	0.002186941340598205
262.915	0.0021741475491895345
263.288	0.0022117319331310717
263.661	0.002159675883497759
264.033	0.0020969653321667343
264.406	0.0019655038820855088
264.779	0.0019628612300896194
265.152	0.0021035929355849967
265.524	0.0021008663898749516
265.897	0.002143987758950734
266.27	0.0022635363016219184
266.642	0.002350450189486723
267.015	0.002386398646002234
267.387	0.002483002257851967
267.76	0.0025208802697930474
268.132	0.0025172728400843732
268.504	0.002587575772546445
268.877	0.002579060560559691
269.249	0.0025229356657898504
269.621	0.002547474577180251
269.994	0.002421340377947882
270.366	0.002458882815032342
270.738	0.0024968027738305003
271.11	0.0023055670524136825
271.482	0.0021621088012082606
271.854	0.0021239791081247143
272.226	0.0019990613677475957
272.598	0.002027123815132516
272.97	0.0018816940616444467
273.342	0.0017930603526394597
273.714	0.001872969115372304
274.086	0.0017934798212102356
274.458	0.0018910062639156758
274.829	0.0020089608260179114
275.201	0.002049313702526571
275.573	0.002231866424528324
275.944	0.002315802085540619
276.316	0.002073600932774506
276.688	0.0021291385715452604
277.059	0.001940629395838487
277.431	0.0019557722112435037
277.802	0.0018407539291367006
278.173	0.0018360978280010862
278.545	0.001685718345377859
278.916	0.0019008218284718363
279.287	0.0018707459319471907
279.659	0.0018632793913873765
280.03	0.0017129838024783047
280.401	0.001790124072644027
280.772	0.0015774535072605512
281.143	0.001648553430007098
281.515	0.0015973782643724152
281.886	0.0015171758736400275
282.257	0.0014028287412464664
282.628	0.00140907882295103
282.998	0.0013531636624665776
283.369	0.001338020847061561
283.74	0.0012309724677995037
284.111	0.00120647550326618
284.482	0.0012014838272739448
284.853	0.0012850839134296189
285.223	0.0013217454665154487
285.594	0.0014587858485879963
285.965	0.0016489728985778739
286.335	0.0018658800965261882
286.706	0.0020124843620124306
287.076	0.00229508033814428
287.447	0.002507121700671592
287.817	0.0027839290105267315
288.188	0.0029668592542421825
288.558	0.003046138814118863
288.928	0.0032197149087060074
289.299	0.0033537351170689674
289.669	0.003425380348957523
290.039	0.0035345260710734606
290.409	0.0035518081761894355
290.779	0.0035391402253519976
291.149	0.0035855753961369107
291.52	0.003629577649211322
291.89	0.003823246288338641
292.26	0.00399006893893629
292.629	0.004219895768864509
292.999	0.004602157477412756
293.369	0.005071458914397042
293.739	0.00569155930257533
294.109	0.006328228699299275
294.479	0.006990905147411336
294.848	0.007777534558187731
295.218	0.008621966738017071
295.588	0.00925066623189627
295.957	0.010035743608960793
296.327	0.010681389633099345
296.696	0.011310089126978545
297.066	0.01196689301509974
297.435	0.012443535152072608
297.805	0.012953692827850484
298.174	0.013499589225858482
298.544	0.013970946058839574
298.913	0.014391505247899677
299.282	0.014865882254590353
299.651	0.015296970104776937
300.021	0.015845676942209133
300.39	0.016345935159716697
300.759	0.016925724618243404
301.128	0.017400688880933168
301.497	0.01805346587077491
301.866	0.018558212401989776
302.235	0.01902847861668685
302.604	0.01942206597664605
302.973	0.019817121476602965
303.342	0.020073794295060853
303.71	0.020354250981481747
304.079	0.020473547843010465
304.448	0.020607442210802192
304.817	0.02067208231755879
305.185	0.020665496660997602
305.554	0.020518221245798118
305.923	0.020426147894512768
306.291	0.020385836964861185
306.66	0.020447037429337418
307.028	0.020610504331368858
307.397	0.02090778170747787
307.765	0.021370287753615585
308.133	0.021888625066523594
308.502	0.022614305693966226
308.87	0.02328860142148878
309.238	0.023927494001637843
309.606	0.024356526455827622
309.975	0.024900283564124662
310.343	0.025298904546933176
310.711	0.025822233535833423
311.079	0.025990776007571253
311.447	0.02616850484100908
311.815	0.02634761792073047
312.183	0.026697244974472338
312.551	0.02663688344713766
312.919	0.02671607911330019
313.286	0.026582646160936314
313.654	0.026695567100189235
314.022	0.026807271580586906
314.39	0.02671880565901023
314.757	0.026556303534691576
315.125	0.026634240795141772
315.492	0.026526143744452776
315.86	0.026445312150864222
316.228	0.02611577764166253
316.595	0.025730957174832546
316.962	0.025589596266481007
317.33	0.02544710279298837
317.697	0.025279105630392547
318.065	0.025215891716776587
318.432	0.025351380065137263
318.799	0.025787249857030698
319.166	0.026278447553409495
319.534	0.026754334646954963
319.901	0.027197545138836977
320.268	0.027699816805484265
320.635	0.028252340806910525
321.002	0.028734771610160102
321.369	0.029137922853532998
321.736	0.02962391913963417
322.103	0.030090158456051792
322.47	0.03053315921364842
322.836	0.03074838853731363
323.203	0.03086042859256792
323.57	0.03080765944636429
323.937	0.030801325470945568
324.303	0.030651155722607733
324.67	0.030403291744136144
325.037	0.030255554913508807
325.403	0.030380598494457154
325.77	0.030555516888470784
326.136	0.030802961398371596
326.503	0.031083711712792034
326.869	0.031373270867198766
327.235	0.03183305036762643
327.602	0.03219379333849387
327.968	0.03246292437350381
328.334	0.03281683000666759
328.7	0.033128746835896686
329.067	0.0334863437924833
329.433	0.033821163605676774
329.799	0.03400690428881642
330.165	0.034371716104820385
330.531	0.03449910870976508
330.897	0.034672684804352226
331.263	0.03478946485445629
331.629	0.03480280395500697
331.995	0.03485788017834987
332.36	0.034962537586758505
332.726	0.03495893015704983
333.092	0.03499928303355849
333.458	0.03496232785247312
333.823	0.03494127053022016
334.189	0.03491614436283067
334.554	0.0348928638571526
334.92	0.03487470086803799
335.286	0.034886152360020184
335.651	0.03503854529178313
336.016	0.03505066793347856
336.382	0.03524140029261044
336.747	0.03527650981198441
337.113	0.03535851591757114
337.478	0.03547626074538798
337.843	0.03544790467000351
338.208	0.03541245957577294
338.573	0.03550176443449116
338.939	0.0355260516647391
339.304	0.035638175613707544
339.669	0.035693461571335836
340.034	0.03583142478426409
340.399	0.035866953772208825
340.764	0.0359758478131823
341.129	0.03603432173194848
341.493	0.035985957005738
341.858	0.03596611614234029
342.223	0.03589367392016726
342.588	0.03573763161183856
342.952	0.035696943160473275
343.317	0.03562391368230116
343.682	0.035519046539607135
344.046	0.03541929691347658
344.411	0.035253816562305425
344.775	0.03519861449839128
345.14	0.03499705985013338
345.504	0.034799154578441224
345.869	0.0346879115134714
346.233	0.034600284529036275
346.597	0.03457389995593446
346.962	0.034466893523529475
347.326	0.034378637336238194
347.69	0.0343936123642149
348.054	0.03451240586345869
348.418	0.03453270814228425
348.782	0.03468275205005086
349.146	0.0348012519212951
349.51	0.03508737143342147
349.874	0.035204948473810005
350.238	0.035430748405458776
350.602	0.03567567610393493
350.966	0.03594224838066313
351.33	0.036134113304936114
351.693	0.03645290941872594
352.057	0.03665500937612586
352.421	0.03692074271571251
352.784	0.03706654999091428
353.148	0.03723182060780005
353.512	0.037283834710576294
353.875	0.03732007679509135
354.239	0.03725522695404936
354.602	0.0373544312710379
354.966	0.03753606116218395
355.329	0.037519240472495836
355.692	0.03749784757538625
356.056	0.03745741080516343
356.419	0.03735787091331827
356.782	0.03719872453756582
357.145	0.03706327813606222
357.508	0.036864491980371436
357.871	0.0367276193857272
358.234	0.03662338144588934
358.597	0.03652740703689577
358.96	0.03643961226503234
359.323	0.036450392607301284
359.686	0.03632744636920681
360.049	0.03613818215007265
360.412	0.036069347357608285
360.775	0.03586733129392253
361.137	0.035808437906585555
361.5	0.03577265723749836
361.863	0.03556460082639343
362.225	0.035441444854013564
362.588	0.03536350759356337
362.951	0.03535897733299898
363.313	0.035502729212203946
363.675	0.03558263797493679
364.038	0.03581447825400474
364.4	0.036158023013470354
364.763	0.03644401668502549
365.125	0.03679301453591119
365.487	0.03709708730286678
365.849	0.037346880836763935
366.212	0.03769709514650489
366.574	0.03775229721041903
366.936	0.037983718020916185
367.298	0.03810095948644811
367.66	0.038121723180701526
368.022	0.038099575240164545
368.384	0.03797016918608013
368.746	0.03772658378703045
369.108	0.03762771504489853
369.469	0.037289120014568064
369.831	0.03703630630696132
370.193	0.03690245388602667
370.555	0.036769817923947276
370.916	0.036780262691359596
371.278	0.036745698481127645
371.64	0.0368844167374833
372.001	0.03706881512119647
372.363	0.037313239457387695
372.724	0.03743572428005431
373.086	0.03768203622481403
373.447	0.03793438851699293
373.808	0.03837617281573429
374.17	0.038710908735213614
374.531	0.03898742241706921
374.892	0.039127986335136276
375.253	0.03945504597977039
375.615	0.039627950924644294
375.976	0.03974548601817575
376.337	0.03971536817479403
376.698	0.03966511584001505
377.059	0.039793305435244224
377.42	0.040029927656019024
377.781	0.04021248037802077
378.141	0.04041671962513165
378.502	0.04055455699748867
378.863	0.04064218398192379
379.224	0.04062284648081101
379.585	0.040572552199174966
379.945	0.04044595658451474
380.306	0.04016625494152124
380.666	0.03989049630309305
381.027	0.03972358975878124
381.388	0.039653580454318715
381.748	0.039570567624162126
382.108	0.039481094978015586
382.469	0.03946372897918546
382.829	0.03947681639859367
383.19	0.03948138860601513
383.55	0.03934556468279784
383.91	0.03929925535258415
384.27	0.03934493547994167
384.63	0.03947048242317495
384.991	0.03944158103864848
385.351	0.039675896182284
385.711	0.03998483478466059
386.071	0.040314620975004746
386.431	0.04070069984754706
386.791	0.041207669562187035
387.15	0.0416646386231905
387.51	0.0421910716795145
387.87	0.04264653065366317
388.23	0.0428500987510608
388.589	0.04315136107859219
388.949	0.0432729230704031
389.309	0.04334251290629485
389.668	0.04326604378584237
390.028	0.04324863584015516
390.387	0.043271329089834144
390.747	0.04361118252587694
391.106	0.04395934143962109
391.466	0.04469748028361577
391.825	0.0451076785989777
392.184	0.04553427813545698
392.544	0.04588369545491346
392.903	0.045955089005659554
393.262	0.04575303099511671
393.621	0.045332136231199985
393.98	0.04455460928840943
394.339	0.04384663023465355
394.698	0.04312636075177394
395.057	0.04242857478428791
395.416	0.0417032297317019
395.775	0.04133996994940982
396.134	0.04114227441200304
396.493	0.04098790997795745
396.852	0.041030192409891676
397.211	0.041289717614630836
397.569	0.04154001451081293
397.928	0.04182466588294158
398.287	0.04181346607210186
398.645	0.04154706158280197
399.004	0.0412347252850021
399.362	0.040688996674422405
399.721	0.03999746078864095
400.079	0.03933335814738825
400.438	0.03860222442852553
400.796	0.037910520755315764
401.154	0.03762603717061542
401.512	0.037203758160415136
401.871	0.036941003047681
402.229	0.036689825267500274
402.587	0.03661981596303775
402.945	0.03683601006441574
403.303	0.03713697876394758
403.661	0.037425489246927374
404.019	0.03796236707066369
404.377	0.0386882574323917
404.735	0.03928532899603439
405.093	0.03978466438268624
405.451	0.039886679139098984
405.808	0.04001772112060944
406.166	0.04000765387491081
406.524	0.039917300344765635
406.882	0.03977145112270679
407.239	0.040005976000627705
407.597	0.040187563944916675
407.954	0.040538910819798726
408.312	0.04095842133743188
408.669	0.04140951783844449
409.027	0.041682382143734334
409.384	0.04193058169706254
409.741	0.04191778790565387
410.099	0.0420749208322666
410.456	0.04216456126584144
410.813	0.04228864006907702
411.17	0.04236347326210347
411.527	0.04268294052560653
411.884	0.042828999481950764
412.242	0.043015243527375346
412.599	0.043057777640452044
412.956	0.043236680985888044
413.312	0.04312531208034699
413.669	0.042970024815445686
414.026	0.04256939038349745
414.383	0.042294177054211256
414.74	0.041970724839285815
415.096	0.0415189152417029
415.453	0.04106811236868983
415.81	0.04066512891274525
416.166	0.0402326568162751
416.523	0.039817466824920926
416.879	0.0393068477337152
417.236	0.0388145174721953
417.592	0.038351130542058964
417.949	0.038010312328303396
418.305	0.03756521422785289
418.661	0.037113278789698737
419.018	0.036834835552417566
419.374	0.0366556805258391
419.73	0.03646897506498666
420.086	0.03660484093506104
420.442	0.03657229017396881
420.798	0.03649003238723962
421.154	0.03643336218332778
421.51	0.03601544564626356
421.866	0.03543041283060215
422.222	0.03474772773166407
422.578	0.033612855513429366
422.934	0.03224442319498654
423.29	0.030791048490961558
423.646	0.029404285395975817
424.001	0.02803178423239646
424.357	0.026615364709456846
424.713	0.025055151360455195
425.068	0.023634117683237043
425.424	0.022348152885808797
425.779	0.021248683814947596
426.135	0.020088853216751714
426.49	0.01912889939253064
426.845	0.01823316620649539
427.201	0.017514029288756866
427.556	0.016839901348662614
427.911	0.016309735022058718
428.266	0.01593401702321458
428.622	0.01571824239040736
428.977	0.015637494690532966
429.332	0.015600036147162658
429.687	0.015585396694042575
430.042	0.015517149157577305
430.397	0.015556537256373178
430.752	0.015434723583419805
431.107	0.015234217606588834
431.461	0.015010305283508558
431.816	0.014865630573447886
432.171	0.014830772735216395
432.526	0.014980271333840991
432.88	0.01522150770889432
433.235	0.015519078713002874
433.59	0.01573086839438772
433.944	0.015963044248312287
434.299	0.016134523000045548
434.653	0.01634513816943222
435.008	0.01648758969606778
435.362	0.01649685995148193
435.716	0.016436498424147253
436.071	0.016533479557710687
436.425	0.016541701141697895
436.779	0.016499125081764123
437.133	0.01632114456718383
437.487	0.016113885146363364
437.841	0.015821599446246587
438.195	0.015636110444249403
438.549	0.015321173441310718
438.903	0.014945161814467032
439.257	0.01469926933827809
439.611	0.014513025292853508
439.965	0.014346034854827548
440.319	0.014099639016353676
440.673	0.013921532661202149
441.026	0.013761505401451072
441.38	0.013712050056956571
441.734	0.013592501514285385
442.087	0.013510914877269437
442.441	0.013444848577372204
442.794	0.013359444776362193
443.148	0.013307472620443036
443.501	0.01331003137872477
443.855	0.013345015057527497
444.208	0.01345193759621832
444.561	0.013476602348179954
444.915	0.013399797652870853
445.268	0.013625513690805464
445.621	0.01379627934596841
445.974	0.013924426994340504
446.327	0.014120570498035402
446.68	0.014265748570381006
447.033	0.014503587250011047
447.386	0.014885555330559751
447.739	0.015063955313710822
448.092	0.015310015577328072
448.445	0.015627637179119726
448.798	0.0158406852662169
449.15	0.016058892816734623
449.503	0.016257217556997553
449.856	0.01635377922199021
450.209	0.01648427589435865
450.561	0.016615024247869557
450.914	0.016639437318688725
451.266	0.01669786929059783
451.619	0.016810328814422903
451.971	0.01686980945775895
452.323	0.016984618005580366
452.676	0.017099846021972558
453.028	0.017130970589924143
453.38	0.017189192827547863
453.733	0.017207104135520002
454.085	0.017165450906441938
454.437	0.017128411831642407
454.789	0.01706452676831321
455.141	0.01705852836775111
455.493	0.016995691975848857
455.845	0.017014987530104556
456.197	0.017004626656406382
456.549	0.01709263116255521
456.901	0.01706612074888216
457.253	0.01701297408096483
457.604	0.01694367787307262
457.956	0.016925682671386326
458.308	0.016924843734244775
458.659	0.016918174183969435
459.011	0.01683172171153248
459.362	0.01685739318806398
459.714	0.016924592053102306
460.065	0.016935540182799563
460.417	0.0170334441472187
460.768	0.017003158516408667
461.12	0.017052865542045634
461.471	0.01709498018655155
461.822	0.01710664141281913
462.173	0.017065994908310927
462.525	0.017090156297987626
462.876	0.01704284024320409
463.227	0.0170888978922753
463.578	0.017075852419724164
463.929	0.01707090269058901
464.28	0.017114066006521864
464.631	0.01713193536763693
464.982	0.01715043393160815
465.332	0.017253539306304917
465.683	0.017166331790440564
466.034	0.017232314196623646
466.385	0.01728449608682819
466.735	0.01731218101249941
467.086	0.017472334112821723
467.437	0.01745488422027744
467.787	0.017504591245914403
468.138	0.01768324291020794
468.488	0.01769742094790017
468.839	0.017804469327162228
469.189	0.017822003113420668
469.539	0.01786038448764668
469.89	0.017948221206367194
470.24	0.017939328472666737
470.59	0.017973599054899144
470.94	0.018034631731947068
471.29	0.01810493466440914
471.64	0.01822418957908078
471.99	0.018253049016750175
472.34	0.018336900784048312
472.69	0.01854231454315736
473.04	0.018621761890462354
473.39	0.018720672579451356
473.74	0.018843073508403817
474.09	0.018959811611650803
474.439	0.019128144349103246
474.789	0.019320009273376227
475.139	0.019337794740777136
475.488	0.019481420779410865
475.838	0.019638763440308977
476.188	0.01968884798765964
476.537	0.019853699135974644
476.886	0.019927022242146302
477.236	0.020145229792664022
477.585	0.02026809213704434
477.935	0.020544521925185782
478.284	0.020760338504850078
478.633	0.0210212479558728
478.982	0.021281318469753976
479.331	0.02155774825789542
479.68	0.02175393370844739
480.03	0.022056664175976494
480.379	0.022264259171653582
480.728	0.022477055577608287
481.076	0.022733392821209557
481.425	0.022894762380387113
481.774	0.02313809609829432
482.123	0.02330844228488649
482.472	0.023504669682295545
482.821	0.02375458905676394
483.169	0.023944356638183038
483.518	0.024168562589262855
483.866	0.024498977982463182
484.215	0.02485485511790961
484.563	0.025266269892126797
484.912	0.02567122485035403
485.26	0.025832049100389585
485.609	0.026158479542167535
485.957	0.02640042901379118
486.305	0.026529625333590216
486.654	0.026606681710041782
487.002	0.026634408582570084
487.35	0.026613099579174657
487.698	0.026777321524633496
488.046	0.026849512065664057
488.394	0.026839738447964976
488.742	0.02691599783413207
489.09	0.02706264404647539
489.438	0.027134876534363032
489.786	0.02721575007480866
490.134	0.027235129522778515
490.482	0.027163694025175347
490.829	0.027317848724935558
491.177	0.02730262201581639
491.525	0.027336682863763406
491.872	0.02739561819795745
492.22	0.02747556890754737
492.567	0.027561392177128156
492.915	0.02780531315103445
493.262	0.02781374446930705
493.61	0.02796261386507548
493.957	0.02781932340129837
494.304	0.027892730401184188
494.652	0.027860724949233973
494.999	0.02785476849552895
495.346	0.02775338294197237
495.693	0.02771428847117604
496.04	0.02766672073525003
496.387	0.027730102436294295
496.734	0.02769058849692719
497.081	0.027818861985870517
497.428	0.027864584060085112
497.775	0.027958670860510185
498.122	0.028059385264353524
498.469	0.02810099654657451
498.816	0.028217273234393644
499.162	0.028308507648537443
499.509	0.02833745097992099
499.856	0.02834105840962967
500.202	0.028365177852449294
500.549	0.028427888403780317
500.895	0.028544374825884837
501.242	0.0286306175640364
501.588	0.028776131211238627
501.935	0.02892709794986094
502.281	0.029160993624925684
502.627	0.02927857066531422
502.973	0.02948603982042007
503.32	0.02974027972116746
503.666	0.02999145750134818
504.012	0.030159874132514777
504.358	0.030358828075633875
504.704	0.03057246341873014
505.05	0.03080522652865379
505.396	0.030935261785594373
505.742	0.031148771288119402
506.088	0.03128723786333259
506.433	0.03147742491332247
506.779	0.03159420496342653
507.125	0.031828729841347436
507.471	0.032025963963326354
507.816	0.032214473139033126
508.162	0.0322847760714952
508.507	0.032421732559853596
508.853	0.03262521676353707
509.198	0.033043301088029595
509.544	0.0331646952924122
509.889	0.03339347345091347
510.234	0.0336993499327234
510.58	0.03401260906137898
510.925	0.03440619642133818
511.27	0.03459541869361527
511.615	0.034736234292824804
511.96	0.035159394187023726
512.306	0.03551371928875828
512.651	0.035787925893474605
512.996	0.036108399881547536
513.341	0.036300348699534676
513.685	0.03661163632590761
514.03	0.0368152883170194
514.375	0.03688416505634084
514.72	0.03711118144684485
515.065	0.03737439797500685
515.409	0.03773195298473638
515.754	0.038131664585828916
516.099	0.038512709835521915
516.443	0.0389977413439103
516.788	0.03950672450769
517.132	0.03993152032931495
517.476	0.04024935166539199
517.821	0.040338320949253596
518.165	0.04062347568366718
518.51	0.04088312672897757
518.854	0.04104575469386747
519.198	0.041291437435771024
519.542	0.041558555021641234
519.886	0.041839724804632446
520.23	0.042240610917723145
520.574	0.04256527959150384
520.918	0.04284531680935396
521.262	0.043151151344306804
521.606	0.04335660705027293
521.95	0.043686099612617546
522.294	0.04403346153607722
522.638	0.04433958969902961
522.981	0.04455171495527108
523.325	0.04491732376155951
523.669	0.04503448133337727
524.012	0.04525424091760687
524.356	0.04546728900470404
524.699	0.045708651220328606
525.043	0.04603063529525633
525.386	0.04620526006127041
525.73	0.04650404752423422
526.073	0.04698094134234955
526.416	0.047279477124170896
526.76	0.047515805716946136
527.103	0.04772272956290998
527.446	0.04775536421771636
527.789	0.04802420162472675
528.132	0.047982548395648694
528.475	0.04804370691326784
528.818	0.048144211582825794
529.161	0.04820461505701755
529.504	0.048399416261285966
529.847	0.04862542592722012
530.19	0.048666366059727864
530.532	0.048752566851022354
530.875	0.048783397790974396
531.218	0.04887551308911683
531.56	0.04889426333423051
531.903	0.04869245700483013
532.246	0.048620853719798664
532.588	0.048733019615624186
532.93	0.04872819572706026
533.273	0.048742877127037426
533.615	0.04882463155148168
533.958	0.04874191234932464
534.3	0.04886414549084879
534.642	0.04887115061598075
534.984	0.04875130844531002
535.326	0.04890143624679078
535.669	0.0489330641770273
536.011	0.04887987556225289
536.353	0.04899904658321038
536.695	0.04893730080959213
537.037	0.048895941208513614
537.378	0.04888172122396431
537.72	0.04868356427112968
538.062	0.048666533847156176
538.404	0.04855185113990599
538.746	0.048489685897716975
539.087	0.04834505313451338
539.429	0.04828288789232437
539.77	0.04829832433572893
540.112	0.0482404796198189
540.454	0.04810209693831987
540.795	0.048055493980106646
541.136	0.04795335338312267
541.478	0.048024830827582916
541.819	0.0479059114877679
542.16	0.04782071742104327
542.502	0.047782419940531416
542.843	0.04773271291489445
543.184	0.047743786885162946
543.525	0.04776404721713142
543.866	0.04774605201544513
544.207	0.04777130402340585
544.548	0.04784701810043093
544.889	0.04807898422007011
545.23	0.04805331274353861
545.571	0.04810603994288517
545.911	0.048113045068017134
546.252	0.048176049247347696
546.593	0.04820813859301207
546.934	0.04822495928270019
547.274	0.048141401143401596
547.615	0.04824391926209927
547.955	0.04834392056937229
548.296	0.04839039768701428
548.636	0.04833762854081065
548.977	0.04855210282104846
549.317	0.04862542592722012
549.657	0.048715527776222824
549.997	0.048966328034689845
550.338	0.04902874495802133
550.678	0.049167714895519445
551.018	0.04946146873563394
551.358	0.04970698369010918
551.698	0.049950988557729635
552.038	0.05022444011901856
552.378	0.05040359514559702
552.718	0.05055103834822482
553.058	0.050753599721052596
553.398	0.051012411829221435
553.737	0.05124718838828481
554.077	0.05139337318520028
554.417	0.05156803989807144
554.756	0.0517590239383458
555.096	0.05208037881041736
555.435	0.052393470151644625
555.775	0.052727828549410244
556.114	0.052950230785635724
556.454	0.05330120013880408
556.793	0.053630189338863765
557.133	0.05392620830926045
557.472	0.05436425933772191
557.811	0.05473825751542587
558.15	0.055007346603578734
558.489	0.05540978475038131
558.829	0.055678034901392615
559.168	0.05597636094892857
559.507	0.05623848685880655
559.846	0.05659247638568449
560.184	0.05696341244282178
560.523	0.0571988601515984
560.862	0.0573359844273851
561.201	0.057668371322868076
561.54	0.058016865811468844
561.878	0.05849698953757915
562.217	0.05876519774173338
562.556	0.059109833119483014
562.894	0.05947724564062579
563.233	0.05992611895821327
563.571	0.06045569802881809
563.91	0.06088439490815124
564.248	0.06126913148126707
564.586	0.0616398158572619
564.925	0.06201968659495673
565.263	0.06249683209421453
565.601	0.06287284372105821
565.939	0.06309365197671474
566.277	0.06335674266430551
566.616	0.06364101651472046
566.954	0.06388623784119615
567.292	0.06422630101152432
567.63	0.06443402184777265
567.967	0.06475831299983964
568.305	0.06497765311549845
568.643	0.06541348096053481
568.981	0.06577338499426069
569.319	0.06607158520122541
569.656	0.0663110178614244
569.994	0.06686396133142145
570.331	0.06724051826740714
570.669	0.0677950976648302
571.006	0.0680927525626529
571.344	0.06830907250460212
571.681	0.06874343220964077
572.019	0.06913055975361002
572.356	0.0691961646380794
572.693	0.06938660336921175
573.03	0.0695416389529706
573.368	0.06982662589995586
573.705	0.07024127058216803
574.042	0.07035029046371273
574.379	0.07049072854120857
574.716	0.07092823426052802
575.053	0.07126276044572195
575.39	0.07155030615098895
575.727	0.071745988239256
576.063	0.07191323035842442
576.4	0.07225094450475625
576.737	0.07256982451226023
577.074	0.07266332405668623
577.41	0.07285514703410213
577.747	0.07296244709450665
578.083	0.07307595528975866
578.42	0.07320028577413669
578.756	0.0733272589105106
579.093	0.07334445712191243
579.429	0.07343925701890783
579.766	0.07360507294493561
580.102	0.07380864104233324
580.438	0.07406866960935735
580.774	0.07423905774280659
581.11	0.07423570199424039
581.446	0.07444707220705445
581.782	0.07458809754054938
582.119	0.07471859421291782
582.454	0.07478294069167486
582.79	0.07479716067622419
583.126	0.07485961954641274
583.462	0.07515635161337975
583.798	0.07521247650814959
584.134	0.07520060554759661
584.469	0.07508487416891949
584.805	0.07513848225226469
585.141	0.07521922995213907
585.476	0.07536935775361983
585.812	0.07533835902623948
586.147	0.07552342855966589
586.482	0.07553118872822524
586.818	0.0756590427485978
587.153	0.07559993962697545
587.488	0.07546751339918144
587.824	0.07530438207200663
588.159	0.07525375221551395
588.494	0.07530375286915045
588.829	0.07552967864137045
589.164	0.0754475466952125
589.499	0.07556352975503208
589.834	0.07563366490006586
590.169	0.07585078183229955
590.504	0.07605283984284239
590.839	0.07593454970588354
591.174	0.07578500916040186
591.508	0.07598794805494334
591.843	0.07613027374100766
592.178	0.07628744861447745
592.512	0.07635225650866236
592.847	0.0761927745580533
593.181	0.07614260611698846
593.516	0.07609445112506338
593.85	0.07601135440119264
594.185	0.07578337323297583
594.519	0.07577053749471008
594.853	0.07558639079213937
595.187	0.07564213816519552
595.522	0.07558278336243071
595.856	0.07572074657535897
596.19	0.07562103889608549
596.524	0.07577083112270963
596.858	0.0757476345107457
597.192	0.07562762455264667
597.526	0.07557204496701884
597.86	0.07566319548744849
598.194	0.07564876576861379
598.527	0.07575099025931192
598.861	0.07583480007975298
599.195	0.07574583079589137
599.528	0.07604021383886203
599.862	0.07600292308292005
600.196	0.07604793206056432
600.529	0.07615628079239577
600.863	0.0761809455443574
601.196	0.07619176783348343
601.529	0.076434220667392
601.863	0.07639206407602901
602.196	0.07661819958253441
602.529	0.07666702572417275
602.862	0.07661232702254354
603.196	0.07673174972464349
603.529	0.07661467604653989
603.862	0.07650011917986094
604.195	0.07657860174945313
604.528	0.07665700042533119
604.861	0.07650251015071437
605.193	0.07661056525454628
605.526	0.07665213458991019
605.859	0.07695528452601007
606.192	0.07708397748352418
606.524	0.07706543697269587
606.857	0.07688854707639958
607.19	0.07714710750342596
607.522	0.0771537770537013
607.855	0.07733255455856607
608.187	0.0771704719028182
608.52	0.07721199929132502
608.852	0.0772877553152072
609.184	0.07745361318809206
609.517	0.07750663401543816
609.849	0.0776623826957673
610.181	0.07757785977875592
610.513	0.07770562990541433
610.845	0.0778926289942663
611.177	0.07797216023528546
611.509	0.07813520766874611
611.841	0.07837740882151224
612.173	0.07847715844764279
612.505	0.07870539129700206
612.837	0.0788399987613641
613.169	0.07885631608876728
613.5	0.07900954795767179
613.832	0.07917666423626898
614.164	0.07915082497230917
614.495	0.07949348884777617
614.827	0.07947427718723461
615.158	0.07977784659190527
615.49	0.07988145532888696
615.821	0.08009454536284122
616.152	0.08029467381795849
616.484	0.08040918873778036
616.815	0.08043733507887944
617.146	0.08062987115286567
617.477	0.08069388205676609
617.808	0.0808892705170336
618.14	0.08092593207011943
618.471	0.08113126193551431
618.802	0.08148063730811372
619.133	0.0815333225606032
619.463	0.08173449968714741
619.794	0.08178382919107068
620.125	0.08198433516790164
620.456	0.08227930546687139
620.787	0.08223924621836227
621.117	0.0823220073673764
621.448	0.08231785462852571
621.778	0.0823652545770234
622.109	0.0826305265011822
622.439	0.08295083270182683
622.77	0.08302730182227931
623.1	0.08313195923068795
623.43	0.08334530094578466
623.761	0.08345113286619146
624.091	0.08358397856255624
624.421	0.08375503784571874
624.751	0.08366208361043477
625.081	0.08388352106894745
625.412	0.08423910457639433
625.742	0.08433289774881988
626.072	0.08465744058202933
626.401	0.08498294819295157
626.731	0.08519633185490537
627.061	0.08547242606819018
627.391	0.08588447004526353
627.721	0.08609579831122054
628.05	0.08644911668838524
628.38	0.08680289648097778
628.71	0.08714274991702058
629.039	0.08736192224525106
629.369	0.08771154929899294
629.698	0.08807434766585717
630.028	0.08841504003904152
630.357	0.08864755146782269
630.686	0.08895166618163536
631.015	0.08910863132081978
631.345	0.08948602719394701
631.674	0.08990843204471854
632.003	0.08999815637200753
632.332	0.09039002391082657
632.661	0.09064757761328308
632.99	0.09093306792255328
633.319	0.09119657807871483
633.648	0.09145371231260056
633.977	0.09161529160606352
634.306	0.09188777838963966
634.634	0.09196961670779807
634.963	0.09222909996568017
635.292	0.09245431264132985
635.62	0.09278548307795756
635.949	0.09291564417546938
636.277	0.0930340182061424
636.606	0.09329152996174184
636.934	0.09343918289865502
637.263	0.09363213844121202
637.591	0.09381804691177997
637.919	0.09383595821975212
638.248	0.09392132007390505
638.576	0.09403008827430728
638.904	0.09383646158203704
639.232	0.09384485095345256
639.56	0.09368666935541291
639.888	0.09371716472050833
640.216	0.09363343879378141
640.544	0.09368692103655536
640.872	0.09360055245783258
641.2	0.09353033341908465
641.528	0.09342726999124498
641.855	0.0935087307876897
642.183	0.09334689981308426
642.511	0.09342643105410343
642.838	0.0933331831908199
643.166	0.09337441695132719
643.493	0.09335113644564912
643.821	0.09329375314516694
644.148	0.09326543901663957
644.475	0.0932994579177295
644.803	0.09330457543429298
645.13	0.09320977553729758
645.457	0.09305117447068713
645.784	0.09307848187464467
646.112	0.09295108926969996
646.439	0.09266434055471744
646.766	0.09231362288269154
647.093	0.09204310760139804
647.42	0.09191961605416157
647.746	0.09170459646478174
648.073	0.09138412247670881
648.4	0.09113235744052901
648.727	0.09092639837227795
649.053	0.09086049985980903
649.38	0.09074107715770907
649.707	0.09047618275526398
650.033	0.0903846966599777
650.36	0.09014350223178147
650.686	0.09030172577667821
651.013	0.09024471999790973
651.339	0.09017177441345177
651.665	0.08995490916236054
651.992	0.08997563090975687
652.318	0.0898041521580236
652.644	0.08974509098325834
652.97	0.08968443582792411
653.296	0.08958351168979538
653.622	0.08950146363735159
653.948	0.08944257025001462
654.274	0.08946295642255434
654.6	0.08979588862717933
654.926	0.09034841262860557
655.252	0.090604833765921
655.578	0.0907657838565278
655.903	0.09092623058484964
656.229	0.09099330360931672
656.555	0.09067203263095933
656.88	0.09036942800400147
657.206	0.08973271666042043
657.531	0.08908220480086089
657.857	0.08878056495161579
658.182	0.08847703749380222
658.507	0.08834847037685936
658.833	0.08824712677015985
659.158	0.0879248071203755
659.483	0.08789628325756273
659.808	0.08769133091388152
660.133	0.08760647242201354
660.458	0.08752350153871402
660.783	0.08730214797391549
661.108	0.08732400228645291
661.433	0.08733411147900862
661.758	0.08725822961455522
662.083	0.08728633400879722
662.408	0.08711204481763976
662.732	0.08690184911682386
663.057	0.08696132976015991
663.382	0.0869120841499508
663.706	0.08688817444141655
664.031	0.08687613569343529
664.355	0.08677210748788282
664.68	0.0868292810540796
665.004	0.08693112802306403
665.328	0.08689018789055629
665.653	0.08678615968500382
665.977	0.08665927044234406
666.301	0.086613296686987
666.625	0.08660419421900116
666.949	0.08660780164870983
667.273	0.08628858606634923
667.597	0.08621740224988853
667.921	0.08614768657342554
668.245	0.08600909415764112
668.569	0.08586886581443068
668.893	0.08591005762808088
669.217	0.08587993978469917
669.54	0.08604109960959133
669.864	0.08581831985165216
670.188	0.08572880525864854
670.511	0.08576714468601747
670.835	0.08586370635101012
671.158	0.08580594552881426
671.482	0.08562398006281158
671.805	0.08558438222973033
672.128	0.0857207934089467
672.452	0.08545011034022491
672.775	0.08538924545060529
673.098	0.08521487236573368
673.421	0.08509272311792368
673.744	0.08512854573386795
674.068	0.08507279836081182
674.391	0.08505757165169264
674.714	0.08526789319307977
675.036	0.08523861428683961
675.359	0.08518039204921589
675.682	0.08517535842636657
676.005	0.08507883870823099
676.328	0.08486218319142513
676.65	0.08480333175094526
676.973	0.08498508748266252
677.295	0.08493248612388722
677.618	0.08495895459070318
677.94	0.08500404746206162
678.263	0.08515996392981909
678.585	0.0854319473511103
678.908	0.0854176854197039
679.23	0.08513987138527891
679.552	0.08514545031727024
679.874	0.08520719609088848
680.196	0.0851290071492958
680.519	0.08505622935226616
680.841	0.0848176775760658
681.163	0.08475119180759778
681.485	0.0847423829676115
681.807	0.08476293692757951
682.128	0.08473512616133706
682.45	0.08484490108630915
682.772	0.084641584670054
683.094	0.08469326319797361
683.415	0.08460827886553438
683.737	0.08471151008080237
684.059	0.08474670349389049
684.38	0.0845833204855732
684.702	0.08447719493716685
685.023	0.08449737137542118
685.344	0.0845162474611061
685.666	0.08443826825379883
685.987	0.08447006397146366
686.308	0.08442543251553308
686.629	0.0844501392143518
686.95	0.08447140627089014
687.272	0.08448772359829333
687.593	0.08449355421142712
687.914	0.08475488313102063
688.235	0.08467463879343115
688.555	0.08440533997099291
688.876	0.0843255570488313
689.197	0.08428314877632583
689.518	0.08430131176544042
689.839	0.08406028512467249
690.159	0.08388620566780042
690.48	0.08383083581645798
690.8	0.08390910865176479
691.121	0.0839639751408223
691.441	0.08385592003699038
691.762	0.0837729072068338
692.082	0.08390977980147804
692.402	0.083737881581174
692.723	0.08368246978297447
693.043	0.08364358504646353
693.363	0.08362458312020737
693.683	0.08375084316001098
694.003	0.08369849348237812
694.323	0.08375709324171554
694.643	0.08378033180053654
694.963	0.08375218545943745
695.283	0.08389291716493284
695.603	0.0837944678913717
695.923	0.08362328276763797
696.243	0.08360725906823432
696.562	0.08355608390259964
696.882	0.08359282934939963
697.202	0.0836056231408083
697.521	0.0834078017628303
697.841	0.08327755677160432
698.16	0.08323275752824544
698.479	0.08305792302794596
698.799	0.08288648622306977
699.118	0.08271970551932921
699.437	0.08248341887341103
699.757	0.08241928212893936
700.076	0.08234944061190515
700.395	0.08233157125079009
700.714	0.08234658822562388
701.033	0.08210702972485365
701.352	0.08202472999126738
701.671	0.08205065314894135
701.99	0.08199335374217333
702.308	0.08197032491763773
702.627	0.08182812507214464
702.946	0.08175585063739992
703.265	0.08179251219048574
703.583	0.0815883987839461
703.902	0.08159666231479039
704.22	0.08136104681858546
704.539	0.08117660648801522
704.857	0.08115097695834078
705.176	0.08112455043838189
705.494	0.08105072396992531
705.812	0.08122933368736178
706.131	0.08103772044423126
706.449	0.08118721904285585
706.767	0.08114485271720746
707.085	0.08095537876378792
707.403	0.08061275683517799
707.721	0.08035805551900276
708.039	0.08001346208811021
708.357	0.07982923149182534
708.675	0.07948803575635607
708.993	0.07925124574815297
709.31	0.07908496840669733
709.628	0.07903710704277178
709.946	0.07896583933259692
710.263	0.07889129976757002
710.581	0.0787289234838226
710.898	0.07855929039380075
711.216	0.07847929773735374
711.533	0.07807757268712148
711.851	0.07792576701135762
712.168	0.07774141057450153
712.485	0.07748998111317834
712.802	0.07715629386512597
713.12	0.07707189678868581
713.437	0.07669672409898369
713.754	0.0765157234106938
714.071	0.07621894939686971
714.388	0.07598304027266525
714.705	0.07568806997369551
715.022	0.07546675835575405
715.338	0.07521121810243725
715.655	0.07516969071393043
715.972	0.07511948032600851
716.289	0.07485920007784196
716.605	0.07475701753400091
716.922	0.07456267774516034
717.238	0.07442102320880926
717.555	0.07404312397339709
717.871	0.07372449564703558
718.188	0.07339282184812292
718.504	0.07313174460967188
718.82	0.0728113545153131
719.136	0.07270480949833598
719.453	0.07241327884164661
719.769	0.07222330152594211
720.085	0.07190681248929155
720.401	0.0716245940348734
720.717	0.0714316384923164
721.033	0.07111401689052475
721.349	0.07074350030195824
721.665	0.07039731289049672
721.98	0.07003384337391926
722.296	0.06979222947715222
722.612	0.06946135266852405
722.927	0.06917867279867805
723.243	0.06887204127344072
723.559	0.06855987276306916
723.874	0.06815219125913188
724.19	0.06809023575122826
724.505	0.06775264744546766
724.82	0.0675170738961198
725.136	0.06721719581487198
725.451	0.06682406987034063
725.766	0.06658988056727634
726.081	0.06633081677796504
726.396	0.06590098733349077
726.711	0.06559292961511282
727.026	0.0652377655762367
727.341	0.06485755926368526
727.656	0.06461523227034792
727.971	0.06426703140974668
728.286	0.06408863142659561
728.601	0.06373074084200947
728.916	0.0634584637927187
729.23	0.06327977018156809
729.545	0.0630281729328166
729.859	0.06277573674692355
730.174	0.06237560567726024
730.488	0.06207258158173159
730.803	0.06183562378610018
731.117	0.06152890836714871
731.431	0.061180371931690854
731.746	0.060932927421790045
732.06	0.060671808236481925
732.374	0.060456075550531785
732.688	0.060182540095528696
733.002	0.06000128772609635
733.316	0.060040466090606835
733.63	0.060002839759808226
733.944	0.059919239673652556
734.258	0.05983324861664346
734.572	0.05985204080861422
734.886	0.05994365274447172
735.199	0.059751997554484126
735.513	0.05952040895655865
735.827	0.059576072435900636
736.14	0.05945434265666142
736.454	0.059367302928225375
736.767	0.059304508483180196
737.081	0.059106938786344654
737.394	0.059063356001841025
737.708	0.05920018664962818
738.021	0.058853286141596364
738.334	0.058950938424873034
738.647	0.05895630762257897
738.96	0.058887388936400456
739.273	0.05883596208962331
739.587	0.05879632230968496
739.9	0.05859053102886222
740.212	0.05858319032887364
740.525	0.05826749828250756
740.838	0.0579864123932305
741.151	0.057831250968900426
741.464	0.05768238157313199
741.776	0.05762562747550599
742.089	0.057318534534840815
742.402	0.05727897864861663
742.714	0.057214044913860486
743.027	0.05726752715663444
743.339	0.057184136804764155
743.651	0.057010602657034094
743.964	0.05677549052311409
744.276	0.0568108936704876
744.588	0.056525109733217845
744.901	0.05637305237631151
745.213	0.05611868663499289
745.525	0.05595417106153451
745.837	0.055923885430724476
746.149	0.055825058635449634
746.461	0.0556724559694013
746.773	0.05550412323194885
747.085	0.05541578315094341
747.396	0.055219639647248506
747.708	0.054879786211205726
748.02	0.054536870654596274
748.331	0.05426887218472744
748.643	0.05402746802224579
748.955	0.05379420155003721
749.266	0.05352976856301996
749.577	0.05328664457939815
749.889	0.0531788411567087
750.2	0.05300471975297954
750.512	0.052758911170504755
750.823	0.052586929056486556
751.134	0.05237706893052728
751.445	0.0520497576047507
751.756	0.051818965997109695
752.067	0.05181154140340696
752.378	0.0516550376796504
752.689	0.051434984467421264
753.0	0.05102604455777166
753.311	0.0508562436803215
753.622	0.05066240725376587
753.932	0.05037427429249978
754.243	0.04994465458231091
754.554	0.04977426644886167
754.864	0.04969125361870508
755.175	0.04952388565896542
755.485	0.04922413341828883
755.796	0.04905282245398387
756.106	0.04894300558215469
756.417	0.048778699742981706
756.727	0.048487924129719716
757.037	0.04808854810348381
757.347	0.047839467666156966
757.658	0.04764227549103513
757.968	0.047397473633130204
758.278	0.04717091865805404
758.588	0.04680598100147884
758.898	0.046588402653817286
759.208	0.0463437266364836
759.517	0.046035668918105635
759.827	0.04578646264020757
760.137	0.04540696942422644
760.447	0.04518574169999913
760.756	0.04506975864017955
761.066	0.04477755683377692
761.375	0.04470419178074818
761.685	0.04469169161733906
761.994	0.044440807465157876
762.304	0.04434416190645107
762.613	0.044117061622232896
762.922	0.04387922294260285
763.232	0.0436258639258541
763.541	0.04333898937030033
763.85	0.04289452047270599
764.159	0.04276897352947271
764.468	0.042633988543396964
764.777	0.042522829372141295
765.086	0.042376686522082915
765.395	0.042283019190228616
765.704	0.0422365840194437
766.013	0.0421578917155661
766.321	0.0419728221821397
766.63	0.04182357526465757
766.939	0.041627263973534355
767.247	0.04138254600934359
767.556	0.04118858374221672
767.864	0.0409139996157867
768.173	0.04084323526789677
768.481	0.040591218550574494
768.789	0.040342263953818895
769.098	0.040025984651453725
769.406	0.03980547002379673
769.714	0.03956737966302423
770.022	0.03937228483075627
770.33	0.039142290213399746
770.638	0.03904434430212352
770.946	0.038900676316632715
771.254	0.038807805975062885
771.562	0.03868066505126066
771.87	0.0386185837027858
772.178	0.038491988088125574
772.486	0.03833594577979687
772.793	0.03818263001717821
773.101	0.03796861715236825
773.408	0.037766978610396185
773.716	0.03754176593474651
774.023	0.0372221728306722
774.331	0.037005685101294664
774.638	0.0368611781786623
774.946	0.036522667042046
775.253	0.036445400931309054
775.56	0.036236337795634246
775.867	0.03603415394452017
776.174	0.035858270772793764
776.481	0.035632135266288376
776.788	0.03545071510942772
777.095	0.035525002993312155
777.402	0.035280998125691715
777.709	0.03511925104480045
778.016	0.034969207137033845
778.323	0.03494856928335166
778.63	0.03482994357153618
778.936	0.034651459694670955
779.243	0.034393276789358274
779.549	0.03426852683640947
779.856	0.03417909613712001
780.162	0.03409826454353146
780.469	0.03392020013523701
780.775	0.03385765737133429
781.082	0.03367468518076176
781.388	0.03351558075186639
781.694	0.03328264985451443
782.0	0.033144854429014485
782.306	0.03295080826817347
782.612	0.0328647752643073
782.918	0.032624839241823377
783.224	0.03250180911001475
783.53	0.03239438320903899
783.836	0.032255455218397955
784.142	0.031939930959460176
784.448	0.031875123065275277
784.753	0.03163363500907948
785.059	0.031495168433866294
785.365	0.03124252251368786
785.67	0.030990589690079742
785.976	0.03077779328412503
786.281	0.030751954020165225
786.586	0.03044209258693293
786.892	0.030264615434637567
787.197	0.03017791128105815
787.502	0.030097666943468684
787.808	0.030069226974370065
788.113	0.029962094701393854
788.418	0.029718089833773404
788.723	0.02968356757039853
789.028	0.02957505105113876
789.333	0.029313847972116492
789.638	0.02903951552682893
789.942	0.028705031288492076
790.247	0.028560524365859718
790.552	0.028484558607692168
790.857	0.02822134207953017
791.161	0.028048772709512892
791.466	0.027946254590815216
791.77	0.027911019230870023
792.075	0.027840087095551788
792.379	0.02774251870598927
792.684	0.027572256413111257
792.988	0.0274560216721492
793.292	0.027327622342634642
793.597	0.027147208910343845
793.901	0.026974765380897797
794.205	0.02681687741085768
794.509	0.026634869997997933
794.813	0.026613351260317122
795.117	0.026519683928462823
795.421	0.02627030986313644
795.725	0.026133856737062977
796.029	0.02604379683491735
796.332	0.02591262901283567
796.636	0.025840102896948484
796.94	0.025567532219658184
797.243	0.025458428444399325
797.547	0.025344374940005306
797.85	0.025227846571043707
798.154	0.025028724840496303
798.457	0.024926877871511866
798.761	0.024751540008927462
799.064	0.02460598441486816
799.367	0.02442582266371983
799.67	0.02432053605245503
799.973	0.024044567679741446
800.277	0.023908995437666617
800.58	0.02378206424814977
800.883	0.023596029937010574
801.186	0.023448880362382324
801.488	0.023330799959708857
801.791	0.02319371763077923
802.094	0.02317144384967102
802.397	0.02307102307382723
802.699	0.022952439308868828
803.002	0.02272554875893604
803.305	0.022590731560288606
803.607	0.022364092691498288
803.91	0.022259561123660888
804.212	0.02207986078794041
804.515	0.021853221919150092
804.817	0.02159260609612691
805.119	0.02158786610127714
805.421	0.021448602535779477
805.724	0.021323936476544826
806.026	0.021108874940307925
806.328	0.020939409637714387
806.63	0.020798635985361934
806.932	0.020699725296372932
807.234	0.0205830710868401
807.535	0.020381474491725116
807.837	0.020339192059790883
808.139	0.02023436686395394
808.441	0.020076982256198753
808.742	0.019903867577039464
809.044	0.019647907855151896
809.346	0.019363172589309086
809.647	0.01928452223228857
809.948	0.019022899684695525
810.25	0.01879038825591434
810.551	0.0186216779967482
810.853	0.018510560772349614
811.154	0.018454771452436396
811.455	0.018317227708078913
811.756	0.018052501093062126
812.057	0.01783911743110833
812.358	0.0177192752604376
812.659	0.01767514716679196
812.96	0.017489616217937695
813.261	0.01731637569820717
813.562	0.01722749030805972
813.863	0.017137556246485327
814.163	0.016995482241563466
814.464	0.016933778414802304
814.765	0.016789397332741172
815.065	0.016701183092306966
815.366	0.016558773512528484
815.666	0.01640323456648471
815.967	0.016317956606045934
816.267	0.01628288903352905
816.567	0.01614396104288801
816.868	0.01599769235225839
817.168	0.01581505573654248
817.468	0.01566719306534391
817.768	0.0154684488565102
818.068	0.015316013977890171
818.368	0.01510640553307336
818.668	0.014904389469387597
818.968	0.014706610038266671
819.268	0.014549225430511485
819.568	0.014349138922251292
819.867	0.014184539455078754
820.167	0.01398118109196651
820.467	0.013860499984154229
820.766	0.013631847666224182
821.066	0.013406005787718337
821.365	0.013224753418285991
821.665	0.013140649969845387
821.964	0.013015816123182424
822.263	0.012882173436533162
822.563	0.012710988312799442
822.862	0.012637371578628239
823.161	0.01261086116495519
823.46	0.012560441042747903
823.759	0.012429734636094075
824.058	0.012259933758643916
824.357	0.01214122415311428
824.656	0.012039083556130306
824.955	0.01187851098723722
825.254	0.011726747258330431
825.552	0.011540629053477082
825.851	0.011406524951399967
826.15	0.011349351385203186
826.448	0.01125878812077263
826.747	0.011016880596006058
827.045	0.010884328527640817
827.344	0.010748210976423976
827.642	0.01066414947484045
827.941	0.010465573053435049
828.239	0.010294597663986717
828.537	0.010140988273368514
828.835	0.010079829755749361
829.133	0.009958561391937992
829.432	0.009828232506997863
829.73	0.009690688762640384
830.028	0.009599580189067819
830.325	0.009485862259530423
830.623	0.00939974536195009
830.921	0.009306749179809034
831.219	0.009260775424451972
831.517	0.009163878184602696
831.814	0.009064170505329223
832.112	0.009052677066489956
832.409	0.009044119907646125
832.707	0.00901526046997673
833.004	0.009038918497368502
833.302	0.009009136228843398
833.599	0.008996971640290893
833.896	0.008945670634084978
834.194	0.008939630286665803
834.491	0.008861525238787296
834.788	0.008784888330906503
835.085	0.008704853727602426
835.382	0.008583333682648594
835.679	0.008472342298821241
835.976	0.00851202402561666
836.273	0.008399019192649581
836.57	0.008336392535032712
836.866	0.008346543674445492
837.163	0.00828853117110716
837.46	0.00838551230467059
837.756	0.008491050597077854
838.053	0.008600028531765481
838.349	0.008767312597790986
838.646	0.008781322848054907
838.942	0.008877087522763087
839.239	0.00899525181915071
839.535	0.009000117654571713
839.831	0.008971845472901406
840.127	0.008749107661819303
840.423	0.008762908177797835
840.72	0.008917692080414213
841.016	0.008802380170307867
841.312	0.008777128162347145
841.607	0.008754392965811082
841.903	0.008875409648479984
842.199	0.00904751760306941
842.495	0.008995797128292718
842.791	0.009019203474542025
843.086	0.009055697240199546
843.382	0.009184054622857027
843.677	0.009265599313015897
843.973	0.009282420002704019
844.268	0.009330700835200347
844.564	0.009449536281301213
844.859	0.009434351519039118
845.154	0.0095406029080167
845.45	0.009446138585877928
845.745	0.009610024956480143
846.04	0.009745555251697898
846.335	0.0098826795274846
846.63	0.009915398076005133
846.925	0.010126684395105048
847.22	0.010121818559684045
847.515	0.010327274265650175
847.81	0.01036662041758897
848.104	0.010311795875388536
848.399	0.01034241708105519
848.694	0.010370898997010885
848.988	0.010688814226802082
849.283	0.011180053870037959
849.578	0.011235046199666702
849.872	0.011575528838565653
850.166	0.0116792214692615
850.461	0.012007203944751323
850.755	0.01209688632518325
851.049	0.011725656640046414
851.343	0.011460762237601315
851.638	0.011584631306551494
851.932	0.012001079703617992
852.226	0.012547815038767542
852.52	0.012848070641729067
852.814	0.01330055138902523
853.107	0.014492932748313335
853.401	0.014851620323183965
853.695	0.01582998881766211
853.989	0.016118415406927745
854.282	0.016638220859833474
854.576	0.017134829700775282
854.869	0.01778794226547365
855.163	0.017045105373486278
855.456	0.018744498394271437
855.75	0.01863531072529842
856.043	0.017574390816091544
856.336	0.018451751278726804
856.63	0.018513329264916736
856.923	0.01740396073578522
857.216	0.018163534423746554
857.509	0.015194955348364193
857.802	0.015364336757243576
858.095	0.015588584655180473
858.388	0.013205961226315222
858.681	0.014196452362488796
858.974	0.014625904285249352
859.266	0.0152425230842902
859.559	0.01778668385976132
859.852	0.017083193119712747
860.144	0.01781831178999784
860.437	0.019797909816061422
860.729	0.01682018632583614
861.022	0.017878169955047585
861.314	0.01637236167967559
861.606	0.014641424622368069
861.899	0.014605140590995937
862.191	0.013675682131870285
862.483	0.01171533771320532
862.775	0.012938885587302088
863.067	0.01367643717529768
863.359	0.013661797722177597
863.651	0.015557124512372265
863.943	0.016822912871546185
864.235	0.01566127855849597
864.527	0.016444929742419852
864.819	0.016147778206882072
865.11	0.01648582792807052
865.402	0.01592575349237029
865.693	0.013747956566615005
865.985	0.014225227906444034
866.276	0.014856486158604968
866.568	0.015069366458273833
866.859	0.015319873088741312
867.151	0.014211259603037192
867.442	0.01538463903606914
867.733	0.01769691758561524
868.024	0.017625272353726684
868.315	0.01859093095051031
868.606	0.01838539135083003
868.897	0.018993704672169508
869.188	0.018935104912832092
869.479	0.01930943866539267
869.77	0.0185609808945569
870.061	0.016823751808687736
870.351	0.016273157362687047
870.642	0.01630113591635781
870.933	0.015157161230137267
871.223	0.014921671574503572
871.514	0.01416042001225913
871.804	0.013757100981457923
872.095	0.014056769328420359
872.385	0.014249682924120282
872.675	0.014183658571080124
