Wavelength	Normalized Intensity
179.611	0.16726456073696222
179.992	0.13796442938711012
180.373	0.14826695500708453
180.754	0.13576347779624798
181.134	0.12382745766795737
181.515	0.08461360611638323
181.896	-0.0484885113857188
182.276	-0.06647490423202662
182.657	-0.1317685430218907
183.038	-0.47975031518860384
183.418	-0.554926927133952
183.799	-7.278556516811322
184.179	0.3804063151659909
184.56	-0.34360721833580343
184.94	-0.01628074974381809
185.32	-0.1391767355035101
185.701	-0.20179785613524556
186.081	-0.3803985130505745
186.461	-0.5068791094286905
186.842	0.2147135870574408
187.222	0.22674176443073094
187.602	0.23027788448237338
187.982	0.22927246026508016
188.362	0.22974826346491148
188.742	0.23033971414970575
189.122	0.2303755787125071
189.502	0.23055267834308876
189.882	0.23098997432812285
190.262	0.23082659131980554
190.642	0.2315859133266244
191.022	0.2321597882783032
191.402	0.23112089046906206
191.781	0.23119329074437803
192.161	0.23172509299840793
192.541	0.23166414421507414
192.92	0.23165458033166048
193.3	0.2315521041598199
193.68	0.23140025653719895
194.059	0.23142475350173225
194.439	0.23096333807387856
194.818	0.23107516839484746
195.198	0.23142102023145236
195.577	0.23119794684551362
195.957	0.23162651788427555
196.336	0.23142232058402176
196.715	0.23264586845811852
197.094	0.23414999885920743
197.474	0.233366054047284
197.853	0.23353556129673458
198.232	0.23374378549526786
198.611	0.23332205179420956
198.99	0.2336708399108099
199.369	0.23282015764927597
199.748	0.23210181772182192
200.127	0.23220723017365796
200.506	0.2322358379301849
200.885	0.23236276911970172
201.264	0.2323483813477241
201.643	0.23244896991099623
202.022	0.23273840322483172
202.401	0.23272783261684815
202.779	0.23376287131523818
203.158	0.23374751876554775
203.537	0.2329626930696257
203.915	0.2329615605044846
204.294	0.23262787325643222
204.673	0.23298542826616175
205.051	0.23260497027246785
205.43	0.23183675553194852
205.808	0.23119077393295337
206.187	0.231093289437105
206.565	0.2316367529174025
206.943	0.23207287439043836
207.322	0.23183692331937683
207.7	0.23215613890173745
208.078	0.2322702762998456
208.456	0.2326397442169852
208.835	0.2339310362652623
209.213	0.23346899163455243
209.591	0.23225479790958398
209.969	0.2319595339826147
210.347	0.23163826300425727
210.725	0.23119492667180402
211.103	0.23122055620147844
211.481	0.2307806175644485
211.859	0.23130784761105697
212.237	0.23209426728754798
212.614	0.23248181430008796
212.992	0.2326009433741884
213.37	0.23400289123143622
213.748	0.2350306731235518
214.125	0.23498113388534317
214.503	0.23504048868810795
214.881	0.2353281602339462
215.258	0.23458343573339036
215.636	0.2344868740683977
216.013	0.23382558186656918
216.391	0.23272766482941984
216.768	0.23251209993089803
217.145	0.23191532199525489
217.523	0.23161129117515636
217.9	0.23204338574991284
218.277	0.23231666952377344
218.655	0.23134908137156426
219.032	0.23160759985173357
219.409	0.23174283651895175
219.786	0.23190919775412155
220.163	0.23207018979158542
220.54	0.23252157992059758
220.917	0.2319373860420777
221.294	0.2328442770920956
221.671	0.2327256933271372
222.048	0.2332858516565516
222.425	0.23270543299516872
222.802	0.23254599299141673
223.179	0.2329631125381965
223.556	0.2339473116458084
223.932	0.23383216752313038
224.309	0.23383841760483493
224.686	0.2326764477169281
225.062	0.23304016891464804
225.439	0.2328741013074778
225.815	0.231890531402722
226.192	0.23141418289374868
226.568	0.2313161530887583
226.945	0.2311809583683972
227.321	0.23182287112225583
227.698	0.23240245084649716
228.074	0.23282754029612165
228.45	0.23303408662037178
228.827	0.23369714059019756
229.203	0.23386375350650979
229.579	0.233868703235645
229.955	0.23355460516984786
230.331	0.23337490483412734
230.707	0.2329428102593709
231.083	0.2332255740229311
231.46	0.23236172044827477
231.835	0.23194917310891652
232.211	0.23187211673246494
232.587	0.23196741999174528
232.963	0.23183075713138643
233.339	0.23276046727165456
233.715	0.232924479482828
234.091	0.23317930663957445
234.466	0.23350036788364648
234.842	0.23364911143884368
235.218	0.2339715149823422
235.593	0.2341556616849129
235.969	0.2335968037080679
236.344	0.23346500668313006
236.72	0.23359462247149987
237.095	0.23371752676273724
237.471	0.2332187366852274
237.846	0.23296781058618918
238.222	0.23278991396532303
238.597	0.23242535383046153
238.972	0.23201612029281238
239.348	0.2318821000844494
239.723	0.2318751788530316
240.098	0.23223382448104515
240.473	0.23178725824059693
240.848	0.23188428132101746
241.223	0.23227325452669814
241.598	0.23218193621884017
241.973	0.23282577852812436
242.348	0.23321756217322925
242.723	0.2331367305796407
243.098	0.2340610295753458
243.473	0.2342464766304859
243.848	0.23392298246870338
244.223	0.2346497956612871
244.597	0.23439538797311144
244.972	0.233814130374587
245.347	0.23471422603375833
245.721	0.23391824247385362
246.096	0.23405536674964034
246.47	0.23478939480164138
246.845	0.23407386531361157
247.219	0.23341014019407255
247.594	0.23357490744867337
247.968	0.23324868674118082
248.343	0.2337804051014966
248.717	0.2335252423698935
249.091	0.23330590225423467
249.466	0.23408003150160195
249.84	0.23485822959410574
250.214	0.23528461939629963
250.588	0.23517824216675082
250.962	0.23471418408690123
251.336	0.23431329797381054
251.71	0.23470835347376748
252.084	0.2349617124905162
252.458	0.23516754571819604
252.832	0.23475080369312998
253.206	0.23485239898097196
253.58	0.23525294951920606
253.954	0.23551746639993745
254.328	0.2353474557882019
254.702	0.23411732225754395
255.075	0.2336215104068866
255.449	0.23356202976355056
255.823	0.23328157307712966
256.196	0.23333895637761184
256.57	0.23393086847783395
256.943	0.23358254177666152
257.317	0.23407172602390058
257.69	0.23454631276487664
258.064	0.2348424156289875
258.437	0.23504644514181297
258.81	0.23468511491494645
259.184	0.2344741222238461
259.557	0.23456275593285109
259.93	0.23429962329840323
260.303	0.23359206371321814
260.677	0.2335998238817775
261.05	0.23320908890809958
261.423	0.23369273617020442
261.796	0.23336093653072051
262.169	0.23343908352545611
262.542	0.23346928526255198
262.915	0.2336215523537437
263.288	0.23332448471192005
263.661	0.23340057631065886
264.033	0.2335939932686437
264.406	0.23325581770688403
264.779	0.2329990190478549
265.152	0.23340657471122095
265.524	0.2337547755718222
265.897	0.23422197966595257
266.27	0.2347764751696615
266.642	0.2349529036505299
267.015	0.23564188077802964
267.387	0.23633329082323984
267.76	0.23642586753681016
268.132	0.2360704098699345
268.504	0.23578429035780812
268.877	0.23563621795232415
269.249	0.23549728996168312
269.621	0.23543294348292607
269.994	0.23550207190338998
270.366	0.2356153703643566
270.738	0.23572728457903963
271.11	0.23591541623303272
271.482	0.2354813921028507
271.854	0.23487098143865737
272.226	0.23476208739768387
272.598	0.2345349451666086
272.97	0.23469044216579532
273.342	0.23474082034114555
273.714	0.23507236829948694
274.086	0.23543600560349273
274.458	0.2363869408534421
274.829	0.2358455747159985
275.201	0.23625896099249832
275.573	0.23594473708612995
275.944	0.23602837911914273
276.316	0.23562984203004836
276.688	0.2357146585750593
277.059	0.23516863633648008
277.431	0.23547908502571144
277.802	0.23499816430931666
278.173	0.23534137349392564
278.545	0.23520353612156863
278.916	0.23541578721838133
279.287	0.2354808467937087
279.659	0.23520538178328004
280.03	0.23513176504910882
280.401	0.23490764299174316
280.772	0.23484384182212814
281.143	0.23407982176731656
281.515	0.23337922536040634
281.886	0.2333056925199493
282.257	0.23446279657243516
282.628	0.23744416943922617
282.998	0.24298849527345912
283.369	0.2540729942030743
283.74	0.27176366170698496
284.111	0.29458057072063604
284.482	0.32175852667721777
284.853	0.3495704674316705
285.223	0.37606087245389314
285.594	0.40100352234366615
285.965	0.42082932681968416
286.335	0.4342954005067377
286.706	0.4415672657028548
287.076	0.44334186943838017
287.447	0.44334178554466597
287.817	0.4433413660760952
288.188	0.44334379899380566
288.558	0.44334509934637506
288.928	0.44334656748637286
289.299	0.44334803562637054
289.669	0.44334862288236965
290.039	0.4433466094332299
290.409	0.4433442184623765
290.779	0.4433437151000916
291.149	0.44334488961208973
291.52	0.44334635775208747
291.89	0.4433416177572377
292.26	0.4433426664286646
292.629	0.44334312784409247
292.999	0.44334409262180524
293.369	0.44334665138008694
293.739	0.44334560270866
294.109	0.44334392483437696
294.479	0.44334505739951807
294.848	0.44334409262180524
295.218	0.44334258253495046
295.588	0.44334480571837553
295.957	0.44334044324523947
296.327	0.44334094660752443
296.696	0.44333939457381255
297.066	0.44333868147724226
297.435	0.4433394784675267
297.805	0.44334140802295224
298.174	0.44334245669437927
298.544	0.44334262448180756
298.913	0.44334224696009383
299.282	0.44334589633665955
299.651	0.44334744837037143
300.021	0.44334732252980025
300.39	0.44334644164580156
300.759	0.44334392483437696
301.128	0.4433454768680888
301.497	0.44334392483437696
301.866	0.44334140802295224
302.235	0.44334337952523495
302.604	0.44334304395037827
302.973	0.44334447014351896
303.342	0.44334442819666187
303.71	0.44334467987780435
304.079	0.44334442819666187
304.448	0.44334644164580156
304.817	0.44334333757837785
305.185	0.44334354731266323
305.554	0.44334354731266323
305.923	0.44334509934637506
306.291	0.4433442184623765
306.66	0.4433449315589468
307.028	0.443346106070945
307.397	0.4433463158052304
307.765	0.44334677722065824
308.133	0.44334845509494136
308.502	0.44334673527380114
308.87	0.4433477000515139
309.238	0.4433477000515139
309.606	0.44334581244294546
309.975	0.443348287307513
310.343	0.4433495037663683
310.711	0.4433469450080865
311.079	0.4433486648292267
311.447	0.44335105580008016
311.815	0.44335239809950666
312.183	0.44335185279036465
312.551	0.4433521044715071
312.919	0.44334988128808195
313.286	0.44335101385322306
313.654	0.4433510977469372
314.022	0.4433463996989445
314.39	0.44334329563152075
314.757	0.44334325368466365
315.125	0.44334065297952485
315.492	0.44334186943838017
315.86	0.4433410305012386
316.228	0.4433390170520989
316.595	0.4433419113852372
316.962	0.44334581244294546
317.33	0.44334560270866
317.697	0.44334593828351665
318.065	0.4433474064235144
318.432	0.4433474064235144
318.799	0.44334803562637054
319.166	0.4433469450080865
319.534	0.44334644164580156
319.901	0.44334837120122716
320.268	0.4433503427035098
320.635	0.44334912624465456
321.002	0.44334988128808195
321.369	0.44334912624465456
321.736	0.44335004907551023
322.103	0.44334728058294315
322.47	0.4433481195200847
322.836	0.44334988128808195
323.203	0.4433486648292267
323.57	0.4433462738583733
323.937	0.44334656748637286
324.303	0.4433469450080865
324.67	0.44334862288236965
325.037	0.4433476161577998
325.403	0.4433440087280911
325.77	0.44334589633665955
326.136	0.4433510977469372
326.503	0.4433507621720806
326.869	0.44335009102236733
327.235	0.44334895845722627
327.602	0.4433486648292267
327.968	0.4433503427035098
328.334	0.44335118164065135
328.7	0.44335030075665277
329.067	0.44335315314293405
329.433	0.44335415986750387
329.799	0.44335571190121575
330.165	0.44335290146179157
330.531	0.443354243761218
330.897	0.44335378234579015
331.263	0.4433513074812226
331.629	0.44335118164065135
331.995	0.44335030075665277
332.36	0.44335046854408106
332.726	0.44335378234579015
333.092	0.44335374039893305
333.458	0.44335319508979104
333.823	0.4433526497806491
334.189	0.44335155916236507
334.554	0.44335176889665046
334.92	0.44334971350065366
335.286	0.44334715474237196
335.651	0.44334262448180756
336.016	0.44334056908581077
336.382	0.4433403593515254
336.747	0.44333964625495503
337.113	0.44333989793609746
337.478	0.4433415758103806
337.843	0.4433440087280911
338.208	0.44334505739951807
338.573	0.4433468191675153
338.939	0.44334673527380114
339.304	0.44334799367951344
339.669	0.44334837120122716
340.034	0.44334832925437007
340.399	0.4433490004040833
340.764	0.4433508460657947
341.129	0.4433500071286532
341.493	0.44334975544751076
341.858	0.4433500071286532
342.223	0.4433510977469372
342.588	0.44335202057779294
342.952	0.4433495457132253
343.317	0.44334912624465456
343.682	0.44334937792579704
344.046	0.4433502168629386
344.411	0.44335046854408106
344.775	0.44334732252980025
345.14	0.4433481614669418
345.504	0.44334983934122485
345.869	0.44334916819151166
346.233	0.44334971350065366
346.597	0.44335009102236733
346.962	0.44335004907551023
347.326	0.44335013296922443
347.69	0.44334883261665503
348.054	0.4433488745635121
348.418	0.44335013296922443
348.782	0.44334971350065366
349.146	0.44334841314808426
349.51	0.4433460641240879
349.874	0.44334702890180067
350.238	0.44334774199837096
350.602	0.44334715474237196
350.966	0.44334753226408563
351.33	0.4433463996989445
351.693	0.44334795173265634
352.057	0.4433501749160815
352.421	0.4433516430560792
352.784	0.4433495457132253
353.148	0.4433481195200847
353.512	0.4433463996989445
353.875	0.44334967155379656
354.239	0.4433501749160815
354.602	0.44334795173265634
354.966	0.44334568660237417
355.329	0.44334782589208516
355.692	0.44335030075665277
356.056	0.44335134942807963
356.419	0.44334962960693947
356.782	0.44335067827836644
357.145	0.44335122358750845
357.508	0.44335118164065135
357.871	0.44334921013836875
358.234	0.44334711279551486
358.597	0.44334602217723085
358.96	0.44334581244294546
359.323	0.4433424147475222
359.686	0.44334128218238106
360.049	0.44334409262180524
360.412	0.4433447637715185
360.775	0.44334644164580156
361.137	0.4433447637715185
361.5	0.44334447014351896
361.863	0.4433460641240879
362.225	0.44334983934122485
362.588	0.44335009102236733
362.951	0.44335101385322306
363.313	0.44334916819151166
363.675	0.4433508041189377
364.038	0.44335046854408106
364.4	0.4433510977469372
364.763	0.4433481614669418
365.125	0.4433474064235144
365.487	0.44334753226408563
365.849	0.44334904235094036
366.212	0.4433469450080865
366.574	0.44334988128808195
366.936	0.4433508880126518
367.298	0.4433521044715071
367.66	0.44335139137493673
368.022	0.4433501749160815
368.384	0.44334929403208284
368.746	0.44335441154864635
369.108	0.44335097190636596
369.469	0.4433481614669418
369.831	0.44334635775208747
370.193	0.44334577049608836
370.555	0.44334765810465687
370.916	0.44334841314808426
371.278	0.44334509934637506
371.64	0.44334392483437696
372.001	0.44334505739951807
372.363	0.4433436731532345
372.724	0.443346106070945
373.086	0.44334644164580156
373.447	0.4433474064235144
373.808	0.4433494198726541
374.17	0.44334921013836875
374.531	0.44334795173265634
374.892	0.44335206252465
375.253	0.4433477000515139
375.615	0.4433463996989445
375.976	0.4433426664286646
376.337	0.4433422889069509
376.698	0.44334698695494357
377.059	0.4433486648292267
377.42	0.44335072022522354
377.781	0.4433541179206468
378.141	0.44335390818636145
378.502	0.44335676057264267
378.863	0.44335579579492995
379.224	0.44335382429264725
379.585	0.44335298535550566
379.945	0.44335277562122033
380.306	0.44335269172750613
380.666	0.44335390818636145
381.027	0.44335332093036234
381.388	0.4433521883652212
381.748	0.44335290146179157
382.108	0.44335277562122033
382.469	0.4433488745635121
382.829	0.44334765810465687
383.19	0.4433468191675153
383.55	0.44334665138008694
383.91	0.4433481614669418
384.27	0.44334526713380346
384.63	0.44334329563152075
384.991	0.44334514129323216
385.351	0.44334434430294767
385.711	0.4433403593515254
386.071	0.4433403174046683
386.431	0.4433402335109541
386.791	0.44334044324523947
387.15	0.44334480571837553
387.51	0.44334459598409015
387.87	0.4433442184623765
388.23	0.4433474064235144
388.589	0.44334921013836875
388.949	0.4433508041189377
389.309	0.4433534467709335
389.668	0.44335118164065135
390.028	0.44335042659722396
390.387	0.44335273367436323
390.747	0.44335256588693495
391.106	0.44335374039893305
391.466	0.4433522303120783
391.825	0.44335369845207606
392.184	0.44335533437950203
392.544	0.44335659278521433
392.903	0.4433560894229294
393.262	0.44335520853893085
393.621	0.4433526497806491
393.98	0.44335466322978884
394.339	0.44335105580008016
394.698	0.44334799367951344
395.057	0.44334845509494136
395.416	0.44334908429779746
395.775	0.44335030075665277
396.134	0.44335038465036686
396.493	0.44334774199837096
396.852	0.44334933597893994
397.211	0.44335239809950666
397.569	0.44335206252465
397.928	0.4433521044715071
398.287	0.44335101385322306
398.645	0.44335369845207606
399.004	0.44335319508979104
399.362	0.4433541179206468
399.721	0.44335244004636365
400.079	0.44335101385322306
400.438	0.4433528175680774
400.796	0.44335516659207375
401.154	0.44335365650521896
401.512	0.44335386623950435
401.871	0.44335382429264725
402.229	0.44335533437950203
402.587	0.4433574317223559
402.945	0.44335453738921754
403.303	0.44335101385322306
403.661	0.4433508460657947
404.019	0.44335122358750845
404.377	0.44334979739436775
404.735	0.44334786783894226
405.093	0.44334396678123406
405.451	0.44334560270866
405.808	0.4433469450080865
406.166	0.44334543492123174
406.524	0.44334577049608836
406.882	0.44334207917266555
407.239	0.4433429600566642
407.597	0.44334480571837553
407.954	0.44334358925952033
408.312	0.4433447637715185
408.669	0.4433447637715185
409.027	0.44334438624980477
409.384	0.4433486648292267
409.741	0.44334711279551486
410.099	0.44334459598409015
410.456	0.44334337952523495
410.813	0.44334124023552396
411.17	0.44334119828866686
411.527	0.4433400657235258
411.884	0.44333939457381255
412.242	0.4433423728006651
412.599	0.44334635775208747
412.956	0.44334845509494136
413.312	0.44335067827836644
413.669	0.44335323703664814
414.026	0.44335520853893085
414.383	0.44335575384807285
414.74	0.44335235615264956
415.096	0.44335009102236733
415.453	0.44334837120122716
415.81	0.4433490004040833
416.166	0.44334463793094725
416.523	0.4433429600566642
416.879	0.44334409262180524
417.236	0.44334669332694404
417.592	0.4433463996989445
417.949	0.44334644164580156
418.305	0.44334656748637286
418.661	0.4433482034137989
419.018	0.44335051049093815
419.374	0.44334841314808426
419.73	0.4433501749160815
420.086	0.44335206252465
420.442	0.44335168500293626
420.798	0.4433513074812226
421.154	0.44335168500293626
421.51	0.44335143332179383
421.866	0.44335206252465
422.222	0.4433486648292267
422.578	0.44334795173265634
422.934	0.4433481195200847
423.29	0.44334904235094036
423.646	0.44334874872294083
424.001	0.4433462738583733
424.357	0.44334409262180524
424.713	0.44334665138008694
425.068	0.443345560761803
425.424	0.44334568660237417
425.779	0.44334728058294315
426.135	0.4433503427035098
426.49	0.4433521044715071
426.845	0.44335436960178926
427.201	0.443354243761218
427.556	0.44335466322978884
427.911	0.4433563411040719
428.266	0.44335231420579246
428.622	0.44334937792579704
428.977	0.4433494198726541
429.332	0.44335139137493673
429.687	0.4433508460657947
430.042	0.4433508041189377
430.397	0.44334795173265634
430.752	0.44334962960693947
431.107	0.44335067827836644
431.461	0.44335072022522354
431.816	0.4433495457132253
432.171	0.44334765810465687
432.526	0.44334711279551486
432.88	0.44334795173265634
433.235	0.44334467987780435
433.59	0.443345560761803
433.944	0.4433453090806605
434.299	0.44334749031722853
434.653	0.44334778394522806
435.008	0.44335046854408106
435.362	0.44335051049093815
435.716	0.44335453738921754
436.071	0.44335235615264956
436.425	0.44335323703664814
436.779	0.44335134942807963
437.133	0.44335332093036234
437.487	0.44335185279036465
437.841	0.44335415986750387
438.195	0.44335508269835955
438.549	0.4433563411040719
438.903	0.4433555860606445
439.257	0.4433568864132139
439.611	0.44335667667892853
439.965	0.4433548310172171
440.319	0.44335676057264267
440.673	0.4433560474760724
441.026	0.44335592163550114
441.38	0.44335638305092895
441.734	0.44335638305092895
442.087	0.4433550407515025
442.441	0.44335587968864404
442.794	0.4433521883652212
443.148	0.4433510977469372
443.501	0.44335118164065135
443.855	0.44335051049093815
444.208	0.4433490004040833
444.561	0.44334795173265634
444.915	0.44334912624465456
445.268	0.44334929403208284
445.621	0.44334765810465687
445.974	0.44334803562637054
446.327	0.4433466094332299
446.68	0.44334589633665955
447.033	0.4433494198726541
447.386	0.44334908429779746
447.739	0.44335038465036686
448.092	0.44335206252465
448.445	0.4433510977469372
448.798	0.44335118164065135
449.15	0.44335390818636145
449.503	0.4433521464183641
449.856	0.44335302730236276
450.209	0.44335420181436097
450.561	0.4433521464183641
450.914	0.44335457933607464
451.266	0.44335621526350066
451.619	0.44335453738921754
451.971	0.4433541179206468
452.323	0.4433533628772194
452.676	0.44334967155379656
453.028	0.44335315314293405
453.38	0.44334979739436775
453.733	0.4433490004040833
454.085	0.44334723863608605
454.437	0.44334841314808426
454.789	0.44334849704179835
455.141	0.44335189473722164
455.493	0.44335113969379425
455.845	0.4433534048240765
456.197	0.44335306924921986
456.549	0.44335369845207606
456.901	0.443354243761218
457.253	0.4433541179206468
457.604	0.44335256588693495
457.956	0.44334979739436775
458.308	0.44335097190636596
458.659	0.4433522303120783
459.011	0.44335143332179383
459.362	0.44334962960693947
459.714	0.4433494198726541
460.065	0.4433494198726541
460.417	0.44335097190636596
460.768	0.44334979739436775
461.12	0.44334749031722853
461.471	0.44334988128808195
461.822	0.4433521044715071
462.173	0.44335290146179157
462.525	0.44335374039893305
462.876	0.4433535306646477
463.227	0.4433508041189377
463.578	0.44335256588693495
463.929	0.44335038465036686
464.28	0.44334715474237196
464.631	0.44334509934637506
464.982	0.4433462738583733
465.332	0.4433456446555171
465.683	0.44334728058294315
466.034	0.44334656748637286
466.385	0.4433466094332299
466.735	0.44334644164580156
467.086	0.44334673527380114
467.437	0.44334707084865776
467.787	0.44334711279551486
468.138	0.4433462738583733
468.488	0.44334837120122716
468.839	0.44334971350065366
469.189	0.4433495037663683
469.539	0.4433501749160815
469.89	0.44334832925437007
470.24	0.4433477000515139
470.59	0.44334845509494136
470.94	0.44334904235094036
471.29	0.4433474064235144
471.64	0.44334921013836875
471.99	0.44335067827836644
472.34	0.44335239809950666
472.69	0.44335134942807963
473.04	0.44335277562122033
473.39	0.4433522303120783
473.74	0.44335374039893305
474.09	0.4433533628772194
474.439	0.44335332093036234
474.789	0.4433521044715071
475.139	0.44335432765493216
475.488	0.44335285951493447
475.838	0.44335277562122033
476.188	0.4433522303120783
476.537	0.44335306924921986
476.886	0.4433521044715071
477.236	0.44334933597893994
477.585	0.44334929403208284
477.935	0.4433486648292267
478.284	0.44334807757322764
478.633	0.44334803562637054
478.982	0.44334799367951344
479.331	0.44334837120122716
479.68	0.44335030075665277
480.03	0.4433508460657947
480.379	0.44335231420579246
480.728	0.44335113969379425
481.076	0.44335155916236507
481.425	0.4433521883652212
481.774	0.44335134942807963
482.123	0.44334988128808195
482.472	0.4433500071286532
482.821	0.4433507621720806
483.169	0.44335197863093584
483.518	0.4433521883652212
483.866	0.44335176889665046
484.215	0.443351517215508
484.563	0.44335285951493447
484.912	0.44335051049093815
485.26	0.4433490004040833
485.609	0.44335113969379425
485.957	0.44335143332179383
486.305	0.4433495037663683
486.654	0.44335067827836644
487.002	0.44335365650521896
487.35	0.44335491491093126
487.698	0.44335420181436097
488.046	0.44335030075665277
488.394	0.44334979739436775
488.742	0.44335101385322306
489.09	0.44335113969379425
489.438	0.4433495037663683
489.786	0.44335252394007785
490.134	0.44335323703664814
490.482	0.44335709614749935
490.829	0.44335491491093126
491.177	0.44335709614749935
491.525	0.44335667667892853
491.872	0.44335445349550345
492.22	0.44335298535550566
492.567	0.4433521883652212
492.915	0.44334908429779746
493.262	0.4433505524377952
493.61	0.443346106070945
493.957	0.4433481195200847
494.304	0.443348287307513
494.652	0.44334971350065366
494.999	0.4433510977469372
495.346	0.4433507621720806
495.693	0.44335189473722164
496.04	0.44335587968864404
496.387	0.44335319508979104
496.734	0.4433547051766459
497.081	0.44335277562122033
497.428	0.44335231420579246
497.775	0.4433535306646477
498.122	0.44335323703664814
498.469	0.44335143332179383
498.816	0.44335365650521896
499.162	0.44335176889665046
499.509	0.44335134942807963
499.856	0.44335298535550566
500.202	0.4433534048240765
500.549	0.44335306924921986
500.895	0.44335256588693495
501.242	0.44335147526865093
501.588	0.44335277562122033
501.935	0.4433516430560792
502.281	0.4433508041189377
502.627	0.4433505524377952
502.973	0.44334883261665503
503.32	0.44334749031722853
503.666	0.44334711279551486
504.012	0.44334648359265866
504.358	0.4433460641240879
504.704	0.4433426664286646
505.05	0.44334304395037827
505.396	0.44334665138008694
505.742	0.44334837120122716
506.088	0.44334933597893994
506.433	0.44334988128808195
506.779	0.44335101385322306
507.125	0.44335202057779294
507.471	0.44335030075665277
507.816	0.44334837120122716
508.162	0.4433505524377952
508.507	0.4433516430560792
508.853	0.44335269172750613
509.198	0.44335181084350755
509.544	0.4433555441137874
509.889	0.44335718004121344
510.234	0.4433561313697865
510.58	0.44335499880464546
510.925	0.44335407597378973
511.27	0.44335390818636145
511.615	0.44335466322978884
511.96	0.44335097190636596
512.306	0.4433503427035098
512.651	0.44334962960693947
512.996	0.44334778394522806
513.341	0.44334669332694404
513.685	0.4433449735058039
514.03	0.44334711279551486
514.375	0.44335139137493673
514.72	0.44335231420579246
515.065	0.44335478907036
515.409	0.44335512464521665
515.754	0.44335390818636145
516.099	0.4433563411040719
516.443	0.44335374039893305
516.788	0.44335097190636596
517.132	0.44334874872294083
517.476	0.44334702890180067
517.821	0.44334837120122716
518.165	0.44334874872294083
518.51	0.44334602217723085
518.854	0.4433476161577998
519.198	0.44334753226408563
519.542	0.44335013296922443
519.886	0.44335063633150934
520.23	0.44334929403208284
520.574	0.44334962960693947
520.918	0.4433508460657947
521.262	0.44335051049093815
521.606	0.44334962960693947
521.95	0.44334749031722853
522.294	0.4433473644766573
522.638	0.44334723863608605
522.981	0.44334723863608605
523.325	0.4433469450080865
523.669	0.44334837120122716
524.012	0.44334929403208284
524.356	0.44334933597893994
524.699	0.44335097190636596
525.043	0.44335030075665277
525.386	0.44335134942807963
525.73	0.44336426906005955
526.073	0.4433613747269212
526.416	0.44336112304577874
526.76	0.44336309454806144
527.103	0.4433629267606331
527.446	0.4433678764897682
527.789	0.4433679184366253
528.132	0.4433568444663568
528.475	0.44336087136463626
528.818	0.4433610391520646
529.161	0.44335881596863946
529.504	0.4433560474760724
529.847	0.44335248199322075
530.19	0.44335189473722164
530.532	0.44334962960693947
530.875	0.44334409262180524
531.218	0.44334388288751986
531.56	0.44334438624980477
531.903	0.44334778394522806
532.246	0.4433469450080865
532.588	0.4433462319115162
532.93	0.44334799367951344
533.273	0.44335105580008016
533.615	0.4433510977469372
533.958	0.44335181084350755
534.3	0.44334862288236965
534.642	0.44335244004636365
534.984	0.44335311119607695
535.326	0.44335118164065135
535.669	0.4433522303120783
536.011	0.44335256588693495
536.353	0.44335239809950666
536.695	0.44335512464521665
537.037	0.443354243761218
537.378	0.44335306924921986
537.72	0.4433521044715071
538.062	0.4433495037663683
538.404	0.4433473644766573
538.746	0.4433474064235144
539.087	0.44334707084865776
539.429	0.4433463158052304
539.77	0.4433477000515139
540.112	0.44334988128808195
540.454	0.44335306924921986
540.795	0.44335457933607464
541.136	0.44335487296407416
541.478	0.4433552504857879
541.819	0.4433534887177906
542.16	0.44335382429264725
542.502	0.44335319508979104
542.843	0.44335189473722164
543.184	0.44335323703664814
543.525	0.44335244004636365
543.866	0.44334975544751076
544.207	0.44334933597893994
544.548	0.4433488745635121
544.889	0.44334702890180067
545.23	0.4433463996989445
545.571	0.44334795173265634
545.911	0.44334765810465687
546.252	0.44335009102236733
546.593	0.44335139137493673
546.934	0.44335097190636596
547.274	0.4433533628772194
547.615	0.44335369845207606
547.955	0.44335235615264956
548.296	0.44335449544236044
548.636	0.44335420181436097
548.977	0.44335285951493447
549.317	0.44335579579492995
549.657	0.44335785119092674
549.997	0.44335944517149567
550.338	0.4433574317223559
550.678	0.44335621526350066
551.018	0.4433541179206468
551.358	0.4433560055292153
551.698	0.4433547051766459
552.038	0.4433521883652212
552.378	0.44335051049093815
552.718	0.44335415986750387
553.058	0.44335516659207375
553.398	0.44335848039378284
553.737	0.44335722198807054
554.077	0.44335785119092674
554.417	0.44335759950978426
554.756	0.4433587320749253
555.096	0.44335546022007327
555.435	0.44335579579492995
555.775	0.44335277562122033
556.114	0.44335319508979104
556.454	0.44335051049093815
556.793	0.44335155916236507
557.133	0.44335143332179383
557.472	0.4433508041189377
557.811	0.44334979739436775
558.15	0.44335113969379425
558.489	0.44335042659722396
558.829	0.4433521044715071
559.168	0.44335113969379425
559.507	0.4433505524377952
559.846	0.44335285951493447
560.184	0.44335273367436323
560.523	0.44335298535550566
560.862	0.44335537632635913
561.201	0.4433563411040719
561.54	0.44335768340349835
561.878	0.4433573897754988
562.217	0.4433561733166436
562.556	0.4433552504857879
562.894	0.44335910959663904
563.233	0.44335910959663904
563.571	0.44335906764978195
563.91	0.44335776729721255
564.248	0.44335772535035545
564.586	0.44335810287206917
564.925	0.44335910959663904
565.263	0.44335252394007785
565.601	0.4433501749160815
565.939	0.44334837120122716
566.277	0.44334883261665503
566.616	0.44334971350065366
566.954	0.44334916819151166
567.292	0.44335105580008016
567.63	0.44335751561607006
567.967	0.44335910959663904
568.305	0.44335860623435414
568.643	0.44335692836007096
568.981	0.44335583774178694
569.319	0.44335680251949977
569.656	0.44335571190121575
569.994	0.44335231420579246
570.331	0.44335030075665277
570.669	0.4433508041189377
571.006	0.4433521464183641
571.344	0.44335067827836644
571.681	0.44334832925437007
572.019	0.44334711279551486
572.356	0.44334853898865545
572.693	0.44335097190636596
573.03	0.4433513074812226
573.368	0.44335030075665277
573.705	0.44335155916236507
574.042	0.4433534467709335
574.379	0.44335168500293626
574.716	0.44334904235094036
575.053	0.44334744837037143
575.39	0.44334648359265866
575.727	0.44334665138008694
576.063	0.44334656748637286
576.4	0.44334883261665503
576.737	0.44334988128808195
577.074	0.44335046854408106
577.41	0.44335181084350755
577.747	0.44335248199322075
578.083	0.44335134942807963
578.42	0.44335042659722396
578.756	0.44334845509494136
579.093	0.44335105580008016
579.429	0.44335147526865093
579.766	0.44335038465036686
580.102	0.44335197863093584
580.438	0.44335302730236276
580.774	0.44335390818636145
581.11	0.4433534048240765
581.446	0.44335206252465
581.782	0.44335004907551023
582.119	0.44335004907551023
582.454	0.44334908429779746
582.79	0.44334933597893994
583.126	0.4433501749160815
583.462	0.44335139137493673
583.798	0.4433488745635121
584.134	0.44334912624465456
584.469	0.44334979739436775
584.805	0.4433486648292267
585.141	0.4433507621720806
585.476	0.4433508460657947
585.812	0.4433495457132253
586.147	0.4433508460657947
586.482	0.44335277562122033
586.818	0.44335113969379425
587.153	0.44335403402693263
587.488	0.44335235615264956
587.824	0.44335134942807963
588.159	0.4433507621720806
588.494	0.44335113969379425
588.829	0.44334988128808195
589.164	0.4433521464183641
589.499	0.4433507621720806
589.834	0.4433495037663683
590.169	0.4433487067760838
590.504	0.4433487067760838
590.839	0.44334749031722853
591.174	0.44334707084865776
591.508	0.44334577049608836
591.843	0.4433466094332299
592.178	0.4433488745635121
592.512	0.44334837120122716
592.847	0.4433469450080865
593.181	0.44334753226408563
593.516	0.44334749031722853
593.85	0.44334837120122716
594.185	0.44334602217723085
594.519	0.44334358925952033
594.853	0.4433436312063774
595.187	0.4433474064235144
595.522	0.44334912624465456
595.856	0.44335042659722396
596.19	0.4433495037663683
596.524	0.4433510977469372
596.858	0.44335306924921986
597.192	0.44335478907036
597.526	0.44335239809950666
597.86	0.44335273367436323
598.194	0.44335403402693263
598.527	0.44335306924921986
598.861	0.44334975544751076
599.195	0.4433508880126518
599.528	0.4433481614669418
599.862	0.44334732252980025
600.196	0.443346106070945
600.529	0.4433447218246614
600.863	0.44334560270866
601.196	0.4433495037663683
601.529	0.4433474064235144
601.863	0.44335030075665277
602.196	0.44335072022522354
602.529	0.44334967155379656
602.862	0.44335122358750845
603.196	0.44335172694979336
603.529	0.44335067827836644
603.862	0.44334879066979793
604.195	0.44334862288236965
604.528	0.44335046854408106
604.861	0.44335244004636365
605.193	0.44335147526865093
605.526	0.44335105580008016
605.859	0.44334845509494136
606.192	0.4433500071286532
606.524	0.4433494618195112
606.857	0.4433486648292267
607.19	0.4433487067760838
607.522	0.4433460641240879
607.855	0.44334723863608605
608.187	0.44334837120122716
608.52	0.44334975544751076
608.852	0.44335030075665277
609.184	0.44335030075665277
609.517	0.44334975544751076
609.849	0.44335155916236507
610.181	0.44335097190636596
610.513	0.443354243761218
610.845	0.44335197863093584
611.177	0.44335311119607695
611.509	0.44335147526865093
611.841	0.44335113969379425
612.173	0.44334921013836875
612.505	0.4433495037663683
612.837	0.4433477000515139
613.169	0.44334677722065824
613.5	0.44334753226408563
613.832	0.4433494618195112
614.164	0.44334904235094036
614.495	0.44335235615264956
614.827	0.44335063633150934
615.158	0.4433495037663683
615.49	0.44335332093036234
615.821	0.44335155916236507
616.152	0.44335202057779294
616.484	0.44335202057779294
616.815	0.44334962960693947
617.146	0.4433513074812226
617.477	0.4433535306646477
617.808	0.44335306924921986
618.14	0.4433521883652212
618.471	0.4433487067760838
618.802	0.44334971350065366
619.133	0.44334983934122485
619.463	0.4433481195200847
619.794	0.4433463158052304
620.125	0.44334589633665955
620.456	0.44334572854923127
620.787	0.44334803562637054
621.117	0.44334862288236965
621.448	0.4433503427035098
621.778	0.4433516430560792
622.109	0.4433501749160815
622.439	0.44334837120122716
622.77	0.4433476161577998
623.1	0.44334962960693947
623.43	0.443348287307513
623.761	0.44335063633150934
624.091	0.44335176889665046
624.421	0.44335206252465
624.751	0.44335365650521896
625.081	0.44335508269835955
625.412	0.44335206252465
625.742	0.44335168500293626
626.072	0.44334845509494136
626.401	0.44334698695494357
626.731	0.44334874872294083
627.061	0.44334849704179835
627.391	0.44334744837037143
627.721	0.44334979739436775
628.05	0.44334904235094036
628.38	0.4433495457132253
628.71	0.44335298535550566
629.039	0.4433534887177906
629.369	0.44335491491093126
629.698	0.44335332093036234
630.028	0.44335277562122033
630.357	0.44335441154864635
630.686	0.4433535306646477
631.015	0.44335139137493673
631.345	0.44335168500293626
631.674	0.4433487067760838
632.003	0.4433513074812226
632.332	0.4433534048240765
632.661	0.44335315314293405
632.99	0.4433534048240765
633.319	0.44335009102236733
633.648	0.44334644164580156
633.977	0.44334841314808426
634.306	0.44334572854923127
634.634	0.44334577049608836
634.963	0.4433460641240879
635.292	0.4433463996989445
635.62	0.44334933597893994
635.949	0.4433533628772194
636.277	0.4433502168629386
636.606	0.44335256588693495
636.934	0.44334795173265634
637.263	0.44334753226408563
637.591	0.44334774199837096
637.919	0.44334908429779746
638.248	0.44334744837037143
638.576	0.44335072022522354
638.904	0.44335072022522354
639.232	0.44335306924921986
639.56	0.44335374039893305
639.888	0.44335378234579015
640.216	0.44335323703664814
640.544	0.44335185279036465
640.872	0.44335067827836644
641.2	0.44335143332179383
641.528	0.4433526497806491
641.855	0.44335172694979336
642.183	0.44335168500293626
642.511	0.44335566995435866
642.838	0.44335785119092674
643.166	0.4433561313697865
643.493	0.44335382429264725
643.821	0.44335231420579246
644.148	0.44335042659722396
644.475	0.44334749031722853
644.803	0.44333998182981166
645.13	0.44333725528410156
645.457	0.4433406110326678
645.784	0.4433415758103806
646.112	0.44333889121152764
646.439	0.44334304395037827
646.766	0.4433466094332299
647.093	0.4433476161577998
647.42	0.44334874872294083
647.746	0.4433482034137989
648.073	0.44335004907551023
648.4	0.44335202057779294
648.727	0.44334786783894226
649.053	0.443348287307513
649.38	0.44334983934122485
649.707	0.44335013296922443
650.033	0.4433486648292267
650.36	0.44334832925437007
650.686	0.4433494198726541
651.013	0.44334904235094036
651.339	0.44334753226408563
651.665	0.4433474064235144
651.992	0.4433462319115162
652.318	0.44334648359265866
652.644	0.44334644164580156
652.97	0.44334354731266323
653.296	0.44334375704694867
653.622	0.443343421472092
653.948	0.44334140802295224
654.274	0.4433421211195226
654.6	0.4433443023560906
654.926	0.4433453090806605
655.252	0.44334967155379656
655.578	0.44335256588693495
655.903	0.44335072022522354
656.229	0.44335042659722396
656.555	0.44334849704179835
656.88	0.4433463996989445
657.206	0.44334405067494814
657.531	0.44334203722580845
657.857	0.44333855563667096
658.182	0.4433415758103806
658.507	0.44334434430294767
658.833	0.44334786783894226
659.158	0.4433463158052304
659.483	0.44334702890180067
659.808	0.44334644164580156
660.133	0.4433474064235144
660.458	0.44334543492123174
660.783	0.4433443023560906
661.108	0.4433429181098071
661.433	0.4433429181098071
661.758	0.44334195333209425
662.083	0.44334065297952485
662.408	0.44334132412923816
662.732	0.44334275032237874
663.057	0.44334312784409247
663.382	0.44334119828866686
663.706	0.4433436312063774
664.031	0.4433442604092336
664.355	0.4433469030612294
664.68	0.44334526713380346
665.004	0.44334388288751986
665.328	0.443342330853808
665.653	0.44334358925952033
665.977	0.4433436312063774
666.301	0.44334207917266555
666.625	0.44334329563152075
666.949	0.44334405067494814
667.273	0.44334677722065824
667.597	0.4433469030612294
667.921	0.44334832925437007
668.245	0.44334979739436775
668.569	0.44335013296922443
668.893	0.44334753226408563
669.217	0.44334782589208516
669.54	0.4433463158052304
669.864	0.44334753226408563
670.188	0.4433460641240879
670.511	0.44334312784409247
670.835	0.44334262448180756
671.158	0.44334245669437927
671.482	0.44334220501323673
671.805	0.44334144996980934
672.128	0.4433424147475222
672.452	0.44334698695494357
672.775	0.44334832925437007
673.098	0.4433490004040833
673.421	0.44335063633150934
673.744	0.44335285951493447
674.068	0.44335235615264956
674.391	0.4433516430560792
674.714	0.4433490004040833
675.036	0.44334929403208284
675.359	0.4433494618195112
675.682	0.4433501749160815
676.005	0.44334883261665503
676.328	0.4433490004040833
676.65	0.44334665138008694
676.973	0.44334568660237417
677.295	0.44334392483437696
677.618	0.44334522518694636
677.94	0.44334438624980477
678.263	0.4433456446555171
678.585	0.4433447218246614
678.908	0.44334568660237417
679.23	0.44334753226408563
679.552	0.4433481614669418
679.874	0.44334707084865776
680.196	0.44334593828351665
680.519	0.44334463793094725
680.841	0.4433473644766573
681.163	0.44334853898865545
681.485	0.4433463158052304
681.807	0.4433469030612294
682.128	0.44334614801780203
682.45	0.44334698695494357
682.772	0.44334849704179835
683.094	0.44334715474237196
683.415	0.44334933597893994
683.737	0.4433501749160815
684.059	0.44335038465036686
684.38	0.44335248199322075
684.702	0.443351517215508
685.023	0.44334983934122485
685.344	0.44335113969379425
685.666	0.44334933597893994
685.987	0.44334832925437007
686.308	0.44334807757322764
686.629	0.44334723863608605
686.95	0.4433482034137989
687.272	0.44334807757322764
687.593	0.44334614801780203
687.914	0.4433436731532345
688.235	0.4433443023560906
688.555	0.44334572854923127
688.876	0.4433462738583733
689.197	0.44334568660237417
689.518	0.44334656748637286
689.839	0.44334883261665503
690.159	0.443345560761803
690.48	0.44334488961208973
690.8	0.44334535102751754
691.121	0.4433466094332299
691.441	0.44334673527380114
691.762	0.44334589633665955
692.082	0.44334459598409015
692.402	0.44335030075665277
692.723	0.44334962960693947
693.043	0.44334883261665503
693.363	0.44334895845722627
693.683	0.44334702890180067
694.003	0.44334673527380114
694.323	0.44334568660237417
694.643	0.44334749031722853
694.963	0.4433495457132253
695.283	0.44334698695494357
695.603	0.4433436312063774
695.923	0.44334522518694636
696.243	0.4433469030612294
696.562	0.44334572854923127
696.882	0.44334396678123406
697.202	0.44334258253495046
697.521	0.44334593828351665
697.841	0.44334983934122485
698.16	0.44335030075665277
698.479	0.44334841314808426
698.799	0.4433490004040833
699.118	0.44334799367951344
699.437	0.4433495037663683
699.757	0.44334656748637286
700.076	0.4433436312063774
700.395	0.44334405067494814
700.714	0.44334375704694867
701.033	0.44334656748637286
701.352	0.44334635775208747
701.671	0.4433460641240879
701.99	0.44334677722065824
702.308	0.4433488745635121
702.627	0.44334795173265634
702.946	0.44335042659722396
703.265	0.44334883261665503
703.583	0.44335143332179383
703.902	0.44335113969379425
704.22	0.44335189473722164
704.539	0.4433494198726541
704.857	0.44334832925437007
705.176	0.44334698695494357
705.494	0.44334778394522806
705.812	0.44334463793094725
706.131	0.44334396678123406
706.449	0.4433436312063774
706.767	0.44334602217723085
707.085	0.4433494618195112
707.403	0.44334971350065366
707.721	0.44334933597893994
708.039	0.4433502168629386
708.357	0.443351517215508
708.675	0.44335097190636596
708.993	0.44334937792579704
709.31	0.4433482034137989
709.628	0.44334774199837096
709.946	0.44334883261665503
710.263	0.4433487067760838
710.581	0.44334744837037143
710.898	0.44334782589208516
711.216	0.44334732252980025
711.533	0.44334749031722853
711.851	0.4433487067760838
712.168	0.4433487067760838
712.485	0.44334904235094036
712.802	0.4433502168629386
713.12	0.44335042659722396
713.437	0.4433494618195112
713.754	0.44334841314808426
714.071	0.44334669332694404
714.388	0.4433469030612294
714.705	0.44334753226408563
715.022	0.44334732252980025
715.338	0.44334635775208747
715.655	0.4433476161577998
715.972	0.443345015452661
716.289	0.44334602217723085
716.605	0.4433429600566642
716.922	0.44334325368466365
717.238	0.44334560270866
717.555	0.44334723863608605
717.871	0.44334707084865776
718.188	0.44335063633150934
718.504	0.44335004907551023
718.82	0.443351517215508
719.136	0.44334862288236965
719.453	0.4433474064235144
719.769	0.44334413456866234
720.085	0.44334358925952033
720.401	0.44334207917266555
720.717	0.44334455403723305
721.033	0.44334388288751986
721.349	0.44334577049608836
721.665	0.44334598023037375
721.98	0.44335063633150934
722.296	0.44335176889665046
722.612	0.44335407597378973
722.927	0.44335181084350755
723.243	0.4433526497806491
723.559	0.44335415986750387
723.874	0.44335290146179157
724.19	0.44334832925437007
724.505	0.4433488745635121
724.82	0.44334598023037375
725.136	0.44334707084865776
725.451	0.44334526713380346
725.766	0.44334275032237874
726.081	0.44333889121152764
726.396	0.44334044324523947
726.711	0.44333859758352806
727.026	0.4433398140423834
727.341	0.44334044324523947
727.656	0.443342330853808
727.971	0.4433427083755217
728.286	0.443345560761803
728.601	0.44334455403723305
728.916	0.4433456446555171
729.23	0.443345560761803
729.545	0.4433423728006651
729.859	0.4433423728006651
730.174	0.44334321173780666
730.488	0.4433415758103806
730.803	0.4433443023560906
731.117	0.44334577049608836
731.431	0.44334673527380114
731.746	0.44335004907551023
732.06	0.44334933597893994
732.374	0.44334921013836875
732.688	0.4433522303120783
733.002	0.44335147526865093
733.316	0.44335067827836644
733.63	0.44335042659722396
733.944	0.44334967155379656
734.258	0.44335097190636596
734.572	0.44335038465036686
734.886	0.44334832925437007
735.199	0.44334673527380114
735.513	0.4433477000515139
735.827	0.44334841314808426
736.14	0.44334853898865545
736.454	0.44334908429779746
736.767	0.44334853898865545
737.081	0.44334832925437007
737.394	0.44335042659722396
737.708	0.44334723863608605
738.021	0.4433468191675153
738.334	0.44334614801780203
738.647	0.4433449315589468
738.96	0.4433453090806605
739.273	0.44334732252980025
739.587	0.4433462738583733
739.9	0.44334505739951807
740.212	0.44334308589723537
740.525	0.4433427083755217
740.838	0.4433427083755217
741.151	0.443345015452661
741.464	0.4433440087280911
741.776	0.44334279226923584
742.089	0.44334635775208747
742.402	0.4433453090806605
742.714	0.44334665138008694
743.027	0.44334786783894226
743.339	0.44334505739951807
743.651	0.44334744837037143
743.964	0.4433494618195112
744.276	0.44334912624465456
744.588	0.44335038465036686
744.901	0.44334908429779746
745.213	0.44334832925437007
745.525	0.44334778394522806
745.837	0.4433434634189491
746.149	0.44334262448180756
746.461	0.4433421211195226
746.773	0.4433443023560906
747.085	0.44334539297437464
747.396	0.443345015452661
747.708	0.44334765810465687
748.02	0.44335009102236733
748.331	0.44334996518179615
748.643	0.44335189473722164
748.955	0.4433507621720806
749.266	0.44335072022522354
749.577	0.44335231420579246
749.889	0.44335113969379425
750.2	0.44335197863093584
750.512	0.443354243761218
750.823	0.44335302730236276
751.134	0.44335252394007785
751.445	0.44335378234579015
751.756	0.44335374039893305
752.067	0.44335147526865093
752.378	0.44335189473722164
752.689	0.44335252394007785
753.0	0.4433522303120783
753.311	0.44335315314293405
753.622	0.44335147526865093
753.932	0.44335256588693495
754.243	0.44335487296407416
754.554	0.44335189473722164
754.864	0.44334921013836875
755.175	0.44335051049093815
755.485	0.4433508880126518
755.796	0.4433486648292267
756.106	0.4433468191675153
756.417	0.44334673527380114
756.727	0.44334904235094036
757.037	0.44335097190636596
757.347	0.4433488745635121
757.658	0.44334879066979793
757.968	0.4433505524377952
758.278	0.44335009102236733
758.588	0.44335155916236507
758.898	0.44334921013836875
759.208	0.44334765810465687
759.517	0.44334983934122485
759.827	0.44334895845722627
760.137	0.44334904235094036
760.447	0.4433500071286532
760.756	0.44334832925437007
761.066	0.44334962960693947
761.375	0.44334774199837096
761.685	0.44334509934637506
761.994	0.44334505739951807
762.304	0.44334648359265866
762.613	0.44334388288751986
762.922	0.4433426664286646
763.232	0.44334220501323673
763.541	0.44334224696009383
763.85	0.44334262448180756
764.159	0.4433411143949528
764.468	0.44334140802295224
764.777	0.4433413660760952
765.086	0.44334199527895135
765.395	0.44334279226923584
765.704	0.44334224696009383
766.013	0.44334199527895135
766.321	0.4433410724480957
766.63	0.44333801032752895
766.939	0.44333931068009835
767.247	0.44333989793609746
767.556	0.44333670997495955
767.864	0.44333801032752895
768.173	0.4433379683806719
768.481	0.4433396882018121
768.789	0.44334073687323905
769.098	0.443342330853808
769.406	0.44334279226923584
769.714	0.44334539297437464
770.022	0.4433454768680888
770.33	0.4433474064235144
770.638	0.44334774199837096
770.946	0.4433474064235144
771.254	0.44334514129323216
771.562	0.44334509934637506
771.87	0.4433447218246614
772.178	0.443345560761803
772.486	0.44334480571837553
772.793	0.44334577049608836
773.101	0.44334614801780203
773.408	0.44334589633665955
773.716	0.44334665138008694
774.023	0.44334677722065824
774.331	0.44334669332694404
774.638	0.4433463158052304
774.946	0.44334509934637506
775.253	0.44334358925952033
775.56	0.443346106070945
775.867	0.44334543492123174
776.174	0.44334602217723085
776.481	0.4433456446555171
776.788	0.44334644164580156
777.095	0.4433500071286532
777.402	0.44335290146179157
777.709	0.4433505524377952
778.016	0.44335101385322306
778.323	0.44334841314808426
778.63	0.44334962960693947
778.936	0.44334962960693947
779.243	0.44334509934637506
779.549	0.44334203722580845
779.856	0.44334245669437927
780.162	0.44334186943838017
780.469	0.44334388288751986
780.775	0.4433419113852372
781.082	0.4433410305012386
781.388	0.4433416177572377
781.694	0.44334354731266323
782.0	0.44334245669437927
782.306	0.4433421211195226
782.612	0.44334505739951807
782.918	0.4433487067760838
783.224	0.44334673527380114
783.53	0.44334572854923127
783.836	0.44334753226408563
784.142	0.44335143332179383
784.448	0.4433501749160815
784.753	0.44334774199837096
785.059	0.4433454768680888
785.365	0.44334988128808195
785.67	0.44335357261150476
785.976	0.44335378234579015
786.281	0.44335202057779294
786.586	0.4433526497806491
786.892	0.4433521044715071
787.197	0.44335143332179383
787.502	0.44334921013836875
787.808	0.44334602217723085
788.113	0.44334178554466597
788.418	0.44334388288751986
788.723	0.44334455403723305
789.028	0.44334526713380346
789.333	0.44334845509494136
789.638	0.44334921013836875
789.942	0.44335315314293405
790.247	0.4433555441137874
790.552	0.44335323703664814
790.857	0.44335566995435866
791.161	0.44335571190121575
791.466	0.44335231420579246
791.77	0.44335239809950666
792.075	0.4433507621720806
792.379	0.44335374039893305
792.684	0.4433550407515025
792.988	0.44335134942807963
793.292	0.44335097190636596
793.597	0.44335147526865093
793.901	0.4433508460657947
794.205	0.44335042659722396
794.509	0.44334803562637054
794.813	0.44334459598409015
795.117	0.44334589633665955
795.421	0.44334795173265634
795.725	0.4433486648292267
796.029	0.44334786783894226
796.332	0.44334723863608605
796.636	0.4433447637715185
796.94	0.44334644164580156
797.243	0.44334673527380114
797.547	0.44334635775208747
797.85	0.44334438624980477
798.154	0.44334711279551486
798.457	0.4433447218246614
798.761	0.44334526713380346
799.064	0.4433453090806605
799.367	0.44334526713380346
799.67	0.44334522518694636
799.973	0.4433453090806605
800.277	0.44334186943838017
800.58	0.4433436731532345
800.883	0.4433436312063774
801.186	0.44334463793094725
801.488	0.44334526713380346
801.791	0.44334275032237874
802.094	0.44334405067494814
802.397	0.44334467987780435
802.699	0.4433430020035212
803.002	0.4433469030612294
803.305	0.4433449735058039
803.607	0.44334560270866
803.91	0.44334635775208747
804.212	0.4433449735058039
804.515	0.44334744837037143
804.817	0.443351517215508
805.119	0.44334723863608605
805.421	0.4433468191675153
805.724	0.44334388288751986
806.026	0.4433462319115162
806.328	0.44334879066979793
806.63	0.44334665138008694
806.932	0.443346106070945
807.234	0.44334749031722853
807.535	0.4433490004040833
807.837	0.44335172694979336
808.139	0.44335118164065135
808.441	0.44335122358750845
808.742	0.4433516430560792
809.044	0.4433505524377952
809.346	0.44335139137493673
809.647	0.44335197863093584
809.948	0.44335113969379425
810.25	0.44334988128808195
810.551	0.44335051049093815
810.853	0.44334837120122716
811.154	0.4433502168629386
811.455	0.44334979739436775
811.756	0.44335042659722396
812.057	0.44334983934122485
812.358	0.4433505524377952
812.659	0.4433490004040833
812.96	0.44335197863093584
813.261	0.4433521883652212
813.562	0.443351517215508
813.863	0.4433482034137989
814.163	0.44334967155379656
814.464	0.4433481195200847
814.765	0.4433487067760838
815.065	0.44334774199837096
815.366	0.44334509934637506
815.666	0.44334535102751754
815.967	0.44334862288236965
816.267	0.44334908429779746
816.567	0.44334904235094036
816.868	0.44334677722065824
817.168	0.4433468191675153
817.468	0.44334723863608605
817.768	0.44334841314808426
818.068	0.44334698695494357
818.368	0.44322647363455964
818.668	0.4431158178255889
818.968	0.4423966389609933
819.268	0.44122879651309554
819.568	0.4398284426364167
819.867	0.43848014480937114
820.167	0.43675839411376366
820.467	0.43508312053579806
820.766	0.432704398164641
821.066	0.4303770606934041
821.365	0.42831902204460537
821.665	0.42615863306453733
821.964	0.423380324932859
822.263	0.42115496027117766
822.563	0.4179065956590876
822.862	0.4148850377032163
823.161	0.4122227545782146
823.46	0.40970187430842153
823.759	0.40689915310592406
824.058	0.40399013856759186
824.357	0.4008726900964411
824.656	0.39750741959367575
824.955	0.39448133137724
825.254	0.3909393807124638
825.552	0.38747662571385016
825.851	0.3842740251228318
826.15	0.380694448127257
826.448	0.3761518132400373
826.747	0.3727040332694004
827.045	0.36913427183838177
827.344	0.36618221982468796
827.642	0.3625671138411684
827.941	0.35831768748492127
828.239	0.3538843241603888
828.537	0.34948485389637507
828.835	0.3451039660900467
829.133	0.34081687145614387
829.432	0.3363437844579589
829.73	0.3317396554782635
830.028	0.3277345695644934
830.325	0.3244513471141719
830.623	0.3219626400837574
830.921	0.31937766501634973
831.219	0.31679940144607455
831.517	0.31381140097586524
831.814	0.3114229469338662
832.112	0.30883436443674994
832.409	0.30667368182868227
832.707	0.304209975125086
833.004	0.30190939974866454
833.302	0.29909623377875477
833.599	0.2973202457969458
833.896	0.29512462145693263
834.194	0.29312727991032517
834.491	0.2907393711774681
834.788	0.2888796153220753
835.085	0.2866473713758333
835.382	0.28513879460789415
835.679	0.28302093974090275
835.976	0.2815205426100938
836.273	0.2802948554462861
836.57	0.27955965288228685
836.866	0.278801421493752
837.163	0.27820955134038694
837.46	0.2779913437898692
837.756	0.27739607594108084
838.053	0.27731914540520053
838.349	0.27702564324622847
838.646	0.27693256317037324
838.942	0.27638012306266113
839.239	0.27616564878242333
839.535	0.2755020495034556
839.831	0.27532742473744154
840.127	0.2745932708448692
840.423	0.27402765942403473
840.72	0.27336787730906104
841.016	0.27273057870948086
841.312	0.27226454912734865
841.607	0.27182956021945387
841.903	0.2717124865413502
842.199	0.27167670587226306
842.495	0.271412902088102
842.791	0.2712148290289815
843.086	0.27100190678245556
843.382	0.2704954404301005
843.677	0.2699609955240747
843.973	0.26933409974504985
844.268	0.26847704156124014
844.564	0.2675912497803323
844.859	0.2667133859554121
845.154	0.2662857796943629
845.45	0.2664957237140364
845.745	0.26623573709386933
846.04	0.2655724733897582
846.335	0.264585967205007
846.63	0.2639293311043141
846.925	0.2635398964832056
847.22	0.26291186813903966
847.515	0.2611724997634595
847.81	0.26029648160025076
848.104	0.2599794472544582
848.399	0.2599572573670641
848.694	0.2600097748321253
848.988	0.2587894568660235
849.283	0.2576289131712573
849.578	0.2567471063417718
849.872	0.25492094991889813
850.166	0.25240824928623523
850.461	0.24994466842321017
850.755	0.248385252064493
851.049	0.24672528908936078
851.343	0.2457144117806475
851.638	0.2437179930648958
851.932	0.2429395852381066
852.226	0.24127588899269448
852.52	0.23942926250356691
852.814	0.23649348587041924
853.107	0.23298089800559738
853.401	0.22964226375707636
853.695	0.22613437394024719
853.989	0.2206972642727046
854.282	0.21730342796026944
854.576	0.21421374830850404
854.869	0.2108827483879711
855.163	0.2071224223852489
855.456	0.20115183258939331
855.75	0.1973534607873017
856.043	0.1938825261515579
856.336	0.18993004159656315
856.63	0.1854207964075773
856.923	0.1778432644639356
857.216	0.17236362068331634
857.509	0.1677047091082776
857.802	0.16558341459900583
858.095	0.15989013547529032
858.388	0.15538395240687114
858.681	0.15087512668645606
858.974	0.14900157031508465
859.266	0.14855559133063553
859.559	0.14577308851324944
859.852	0.13993572193547232
860.144	0.13600953805986524
860.437	0.13211296866535494
860.729	0.12507210481116418
861.022	0.12089046457595445
861.314	0.11269245472242077
861.606	0.10748945046422835
861.899	0.10344040424424095
862.191	0.09917080144973946
862.483	0.09671238005013498
862.775	0.09514105078400775
863.067	0.09513110937888036
863.359	0.09520174788619905
863.651	0.09230384926499247
863.943	0.09071620267146206
864.235	0.08879155502817013
864.527	0.08341459715367687
864.819	0.07759413515930205
865.11	0.07590451575621597
865.402	0.07151721008075472
865.693	0.07127224043542149
865.985	0.07124552028746305
866.276	0.06980959547598235
866.568	0.0691562731769986
866.859	0.06932527706416429
867.151	0.06859972227729288
867.442	0.07060557903588704
867.733	0.07291810926657562
868.024	0.07286655657922723
868.315	0.07280896354445969
868.606	0.07214779718320241
868.897	0.07366195288313286
869.188	0.07321026912612116
869.479	0.07301769110527787
869.77	0.07144388697458307
870.061	0.07083834214581071
870.351	0.07289390593004184
870.642	0.07593664704873741
870.933	0.07787018742572979
871.223	0.07679097868683708
871.514	0.07656937344089607
871.804	0.07624738936596835
872.095	0.07559071131841837
872.385	0.07471704217920594
872.675	0.07205983462391068
